8
1 0 0 0 0 0 0 0 0 0 0 0 0 0 0 
1 1 0 0 0 0 0 0 0 0 0 0 0 0 0 
1 3 7 0 0 0 0 0 0 0 0 0 0 0 0 
1 1 5 0 0 0 0 0 0 0 0 0 0 0 0 
1 3 1 1 0 0 0 0 0 0 0 0 0 0 0 
1 1 3 7 0 0 0 0 0 0 0 0 0 0 0 
1 3 3 9 9 0 0 0 0 0 0 0 0 0 0 
1 3 7 13 3 0 0 0 0 0 0 0 0 0 0 
1 1 5 11 27 0 0 0 0 0 0 0 0 0 0 
1 3 5 1 15 0 0 0 0 0 0 0 0 0 0 
1 1 7 3 29 0 0 0 0 0 0 0 0 0 0 
1 3 7 7 21 0 0 0 0 0 0 0 0 0 0 
1 1 1 9 23 37 0 0 0 0 0 0 0 0 0 
1 3 3 5 19 33 0 0 0 0 0 0 0 0 0 
1 1 3 13 11 7 0 0 0 0 0 0 0 0 0 
1 1 7 13 25 5 0 0 0 0 0 0 0 0 0 
1 3 5 11 7 11 0 0 0 0 0 0 0 0 0 
1 1 1 3 13 39 0 0 0 0 0 0 0 0 0 
1 3 1 15 17 63 13 0 0 0 0 0 0 0 0 
1 1 5 5 1 27 33 0 0 0 0 0 0 0 0 
1 3 3 3 25 17 115 0 0 0 0 0 0 0 0 
1 1 3 15 29 15 41 0 0 0 0 0 0 0 0 
1 3 1 7 3 23 79 0 0 0 0 0 0 0 0 
1 3 7 9 31 29 17 0 0 0 0 0 0 0 0 
1 1 5 13 11 3 29 0 0 0 0 0 0 0 0 
1 3 1 9 5 21 119 0 0 0 0 0 0 0 0 
1 1 3 1 23 13 75 0 0 0 0 0 0 0 0 
1 3 3 11 27 31 73 0 0 0 0 0 0 0 0 
1 1 7 7 19 25 105 0 0 0 0 0 0 0 0 
1 3 5 5 21 9 7 0 0 0 0 0 0 0 0 
1 1 1 15 5 49 59 0 0 0 0 0 0 0 0 
1 1 1 1 1 33 65 0 0 0 0 0 0 0 0 
1 3 5 15 17 19 21 0 0 0 0 0 0 0 0 
1 1 7 11 13 29 3 0 0 0 0 0 0 0 0 
1 3 7 5 7 11 113 0 0 0 0 0 0 0 0 
1 1 5 3 15 19 61 0 0 0 0 0 0 0 0 
1 3 1 1 9 27 89 7 0 0 0 0 0 0 0 
1 1 3 7 31 15 45 23 0 0 0 0 0 0 0 
1 3 3 9 9 25 107 39 0 0 0 0 0 0 0 
1 1 3 13 7 35 61 91 0 0 0 0 0 0 0 
1 3 3 5 21 19 33 115 0 0 0 0 0 0 0 
1 3 5 15 11 19 61 81 0 0 0 0 0 0 0 
1 3 7 5 27 51 29 109 0 0 0 0 0 0 0 
1 3 3 13 15 27 73 27 0 0 0 0 0 0 0 
1 3 7 9 13 3 77 17 0 0 0 0 0 0 0 
1 3 7 15 7 31 51 11 0 0 0 0 0 0 0 
1 3 7 15 7 5 119 111 0 0 0 0 0 0 0 
1 1 1 9 1 29 103 47 0 0 0 0 0 0 0 
1 3 1 9 11 23 21 83 0 0 0 0 0 0 0 
1 3 1 11 29 39 9 197 0 0 0 0 0 0 0 
1 3 7 11 15 35 81 247 0 0 0 0 0 0 0 
1 3 1 7 19 13 49 123 0 0 0 0 0 0 0 
1 1 1 15 7 35 113 183 45 0 0 0 0 0 0 
1 3 7 7 5 9 3 133 185 0 0 0 0 0 0 
1 1 7 1 1 35 3 65 103 0 0 0 0 0 0 
1 1 3 13 31 63 27 133 389 0 0 0 0 0 0 
1 3 3 11 29 61 61 213 315 0 0 0 0 0 0 
1 3 7 11 25 7 105 47 225 0 0 0 0 0 0 
1 3 7 9 23 53 19 5 307 0 0 0 0 0 0 
1 1 3 7 17 45 43 47 83 0 0 0 0 0 0 
1 3 3 13 19 63 21 101 381 0 0 0 0 0 0 
1 3 7 13 5 41 93 47 99 0 0 0 0 0 0 
1 3 5 9 19 35 1 189 237 0 0 0 0 0 0 
1 1 1 7 1 1 111 201 487 0 0 0 0 0 0 
1 3 5 7 19 13 55 57 269 0 0 0 0 0 0 
1 1 3 1 15 11 113 179 491 0 0 0 0 0 0 
1 1 7 9 31 29 19 25 99 0 0 0 0 0 0 
1 3 3 15 29 47 53 87 29 0 0 0 0 0 0 
1 1 3 3 17 29 115 231 445 0 0 0 0 0 0 
1 1 5 7 11 49 23 1 25 0 0 0 0 0 0 
1 3 7 11 31 45 115 97 161 0 0 0 0 0 0 
1 3 5 3 21 9 81 41 209 0 0 0 0 0 0 
1 1 1 7 31 33 91 169 317 0 0 0 0 0 0 
1 3 7 3 9 63 85 111 445 0 0 0 0 0 0 
1 3 1 11 17 63 77 91 77 0 0 0 0 0 0 
1 1 1 1 11 17 125 161 15 0 0 0 0 0 0 
1 1 3 13 27 37 33 43 229 0 0 0 0 0 0 
1 3 1 11 21 5 77 193 283 0 0 0 0 0 0 
1 1 7 9 29 11 43 195 223 0 0 0 0 0 0 
1 1 5 3 7 49 113 67 243 0 0 0 0 0 0 
1 3 7 13 27 51 97 87 25 0 0 0 0 0 0 
1 1 1 9 1 15 27 213 311 0 0 0 0 0 0 
1 3 7 15 25 41 49 237 343 0 0 0 0 0 0 
1 3 1 5 1 61 43 127 109 0 0 0 0 0 0 
1 1 1 9 29 15 97 251 81 0 0 0 0 0 0 
1 3 7 5 31 49 101 75 347 0 0 0 0 0 0 
1 3 5 15 19 37 93 157 323 0 0 0 0 0 0 
1 3 5 3 5 19 27 113 379 0 0 0 0 0 0 
1 1 7 7 15 35 119 189 407 0 0 0 0 0 0 
1 1 5 3 25 47 101 55 377 0 0 0 0 0 0 
1 3 5 1 27 3 79 49 189 0 0 0 0 0 0 
1 3 3 3 1 45 27 19 261 0 0 0 0 0 0 
1 3 5 5 15 13 69 89 451 0 0 0 0 0 0 
1 1 1 15 17 29 47 179 313 0 0 0 0 0 0 
1 3 3 5 15 39 43 223 411 0 0 0 0 0 0 
1 1 5 7 11 11 127 203 393 0 0 0 0 0 0 
1 3 7 1 7 57 37 149 65 0 0 0 0 0 0 
1 3 5 1 9 31 97 187 159 0 0 0 0 0 0 
1 1 7 15 31 33 95 143 443 0 0 0 0 0 0 
1 3 7 9 17 47 51 145 383 0 0 0 0 0 0 
1 3 5 13 1 59 13 111 333 855 0 0 0 0 0 
1 1 7 13 9 41 61 173 187 279 0 0 0 0 0 
1 3 1 9 15 51 5 189 205 521 0 0 0 0 0 
1 3 3 15 29 25 5 191 289 261 0 0 0 0 0 
1 3 5 9 13 53 41 171 177 713 0 0 0 0 0 
1 3 1 9 21 29 37 65 7 421 0 0 0 0 0 
1 3 7 7 7 41 91 23 147 825 0 0 0 0 0 
1 3 3 15 21 5 31 179 281 215 0 0 0 0 0 
1 3 5 1 13 21 35 243 425 147 0 0 0 0 0 
1 3 5 11 11 39 109 35 119 949 0 0 0 0 0 
1 3 1 9 25 41 69 189 425 367 0 0 0 0 0 
1 1 5 7 17 33 27 249 177 301 0 0 0 0 0 
1 3 3 13 23 39 117 161 251 957 0 0 0 0 0 
1 1 1 13 13 49 23 219 223 455 0 0 0 0 0 
1 1 5 9 11 59 85 131 57 777 0 0 0 0 0 
1 3 1 3 21 51 109 251 393 555 0 0 0 0 0 
1 3 5 15 23 25 7 203 161 849 0 0 0 0 0 
1 3 3 11 7 37 9 253 307 567 0 0 0 0 0 
1 3 5 7 15 7 109 213 431 773 0 0 0 0 0 
1 3 5 11 5 1 15 241 159 921 0 0 0 0 0 
1 3 5 15 9 39 41 125 339 905 0 0 0 0 0 
1 3 5 11 19 45 15 107 485 609 0 0 0 0 0 
1 1 7 15 29 21 23 219 59 957 0 0 0 0 0 
1 3 7 13 21 31 31 15 127 37 0 0 0 0 0 
1 3 1 11 17 55 125 155 181 285 0 0 0 0 0 
1 3 1 7 19 27 21 3 193 73 0 0 0 0 0 
1 3 3 5 17 35 121 117 91 763 0 0 0 0 0 
1 3 1 7 17 5 91 233 445 703 0 0 0 0 0 
1 1 1 7 15 33 121 97 411 547 0 0 0 0 0 
1 1 3 1 15 35 101 249 349 855 0 0 0 0 0 
1 3 5 11 25 53 97 167 285 995 0 0 0 0 0 
1 3 1 5 17 35 125 69 239 87 0 0 0 0 0 
1 1 3 13 5 25 11 81 415 447 0 0 0 0 0 
1 3 7 13 23 25 99 33 107 275 0 0 0 0 0 
1 3 5 13 9 11 67 15 205 975 0 0 0 0 0 
1 3 3 13 25 37 15 37 147 147 0 0 0 0 0 
1 1 3 7 31 21 43 201 299 791 0 0 0 0 0 
1 3 3 13 7 37 69 65 511 773 0 0 0 0 0 
1 3 7 3 5 31 95 235 439 209 0 0 0 0 0 
1 1 1 1 7 35 9 249 381 347 0 0 0 0 0 
1 3 5 1 23 47 55 215 291 813 0 0 0 0 0 
1 1 5 9 3 43 45 139 261 811 0 0 0 0 0 
1 3 5 11 15 31 9 109 39 565 0 0 0 0 0 
1 1 3 7 5 15 91 203 451 723 0 0 0 0 0 
1 3 7 5 31 57 11 247 277 407 0 0 0 0 0 
1 3 3 15 17 17 5 33 127 525 0 0 0 0 0 
1 1 3 15 31 45 107 185 59 835 0 0 0 0 0 
1 3 3 11 11 19 67 181 357 5 0 0 0 0 0 
1 3 3 7 31 57 5 165 437 231 0 0 0 0 0 
1 3 1 1 11 25 69 243 347 577 0 0 0 0 0 
1 3 1 1 3 29 11 123 217 429 0 0 0 0 0 
1 1 3 7 29 53 61 35 87 1007 0 0 0 0 0 
1 1 7 11 21 1 85 79 247 35 0 0 0 0 0 
1 3 5 15 5 31 17 11 143 33 0 0 0 0 0 
1 3 3 15 15 63 7 109 95 883 0 0 0 0 0 
1 3 5 7 9 53 21 127 433 595 0 0 0 0 0 
1 3 5 9 13 41 83 207 209 767 0 0 0 0 0 
1 3 7 11 11 27 19 249 509 215 0 0 0 0 0 
1 1 3 15 31 23 31 89 479 943 0 0 0 0 0 
1 1 5 5 19 57 89 47 401 821 0 0 0 0 0 
1 1 7 13 23 21 67 167 339 801 499 0 0 0 0 
1 1 1 5 15 49 45 193 187 515 569 0 0 0 0 
1 3 3 5 29 53 3 243 275 85 375 0 0 0 0 
1 1 3 15 31 33 85 87 337 17 911 0 0 0 0 
1 3 1 15 21 61 107 51 485 127 505 0 0 0 0 
1 3 3 11 9 53 117 83 69 759 1947 0 0 0 0 
1 3 5 1 1 25 69 31 215 71 1359 0 0 0 0 
1 1 5 15 3 27 87 81 71 761 17 0 0 0 0 
1 3 7 7 31 49 1 121 95 197 211 0 0 0 0 
1 3 1 11 1 51 97 229 371 455 1107 0 0 0 0 
1 3 1 15 9 37 115 23 375 803 343 0 0 0 0 
1 3 3 3 11 1 95 125 357 457 1807 0 0 0 0 
1 3 5 11 19 21 47 61 29 827 259 0 0 0 0 
1 1 3 5 1 39 27 25 69 565 1767 0 0 0 0 
1 3 7 13 27 45 93 25 133 993 191 0 0 0 0 
1 1 1 5 27 61 83 17 271 759 1441 0 0 0 0 
1 1 3 11 21 21 101 105 41 215 97 0 0 0 0 
1 1 7 15 23 25 113 187 237 15 1581 0 0 0 0 
1 3 5 9 17 13 97 199 105 901 715 0 0 0 0 
1 3 5 15 15 3 93 145 83 57 1101 0 0 0 0 
1 3 3 7 13 63 55 249 289 43 1971 0 0 0 0 
1 3 3 3 9 25 123 133 331 431 65 0 0 0 0 
1 1 5 11 29 39 47 255 435 221 1763 0 0 0 0 
1 3 1 1 19 17 45 101 295 287 1419 0 0 0 0 
1 3 5 13 17 61 115 233 197 193 449 0 0 0 0 
1 1 7 15 9 61 19 115 53 617 1875 0 0 0 0 
1 3 1 3 9 13 15 213 181 133 811 0 0 0 0 
1 1 1 9 25 7 29 137 301 147 1657 0 0 0 0 
1 1 5 5 5 63 35 183 393 43 2037 0 0 0 0 
1 3 5 13 19 45 97 133 363 507 773 0 0 0 0 
1 1 7 9 17 43 13 209 99 993 2009 0 0 0 0 
1 3 1 7 1 41 81 37 487 505 1895 0 0 0 0 
1 1 3 15 27 5 49 95 97 567 1051 0 0 0 0 
1 1 7 5 1 9 65 235 419 605 1605 0 0 0 0 
1 3 7 15 29 57 33 235 417 15 1845 0 0 0 0 
1 3 7 13 7 21 23 69 11 189 981 0 0 0 0 
1 3 3 7 19 41 75 75 431 233 1321 0 0 0 0 
1 1 3 7 5 45 85 65 111 487 137 0 0 0 0 
1 3 5 13 19 51 27 211 371 907 835 0 0 0 0 
1 3 5 15 21 31 35 51 321 533 89 0 0 0 0 
1 3 1 7 31 37 93 23 417 121 1011 0 0 0 0 
1 3 5 1 17 45 97 103 197 829 525 0 0 0 0 
1 3 5 3 25 15 43 75 213 521 43 0 0 0 0 
1 3 5 11 3 17 127 179 155 809 533 0 0 0 0 
1 1 3 9 17 3 5 237 195 987 1919 0 0 0 0 
1 1 5 11 29 11 99 115 65 519 995 0 0 0 0 
1 3 3 9 29 55 43 231 299 505 2039 0 0 0 0 
1 1 1 13 23 11 35 227 377 319 7 0 0 0 0 
1 3 1 1 31 63 53 45 303 505 1391 0 0 0 0 
1 1 5 9 1 17 101 83 305 595 1821 0 0 0 0 
1 3 7 1 29 51 1 65 469 827 847 0 0 0 0 
1 1 3 13 11 35 117 35 411 781 1877 0 0 0 0 
1 3 7 7 27 51 49 111 33 91 1845 0 0 0 0 
1 3 3 11 7 1 77 191 389 315 1659 0 0 0 0 
1 3 1 7 19 57 67 161 103 649 1041 0 0 0 0 
1 1 7 15 3 31 49 47 427 143 515 0 0 0 0 
1 3 1 3 11 1 81 185 317 483 1573 0 0 0 0 
1 3 3 15 31 57 107 49 223 779 2023 0 0 0 0 
1 3 7 7 25 7 87 211 369 875 1485 0 0 0 0 
1 3 1 15 21 49 39 85 509 993 931 0 0 0 0 
1 3 1 9 23 39 79 135 227 313 1269 0 0 0 0 
1 1 5 11 11 47 101 187 313 257 1245 0 0 0 0 
1 1 3 15 3 37 41 139 61 99 1323 0 0 0 0 
1 3 5 11 5 27 69 91 343 423 603 0 0 0 0 
1 3 7 11 23 55 61 61 241 107 1583 0 0 0 0 
1 3 7 15 1 33 99 249 51 993 1597 0 0 0 0 
1 1 1 13 11 47 13 239 369 1015 1545 0 0 0 0 
1 1 5 13 25 55 9 99 331 95 341 0 0 0 0 
1 1 5 13 25 39 45 165 295 99 1697 0 0 0 0 
1 3 5 15 9 17 77 129 317 647 1145 0 0 0 0 
1 1 3 15 1 7 81 247 439 221 633 0 0 0 0 
1 1 3 15 29 29 43 13 53 275 93 0 0 0 0 
1 1 5 13 9 53 47 177 25 799 1223 0 0 0 0 
1 1 7 7 3 51 117 121 347 913 653 0 0 0 0 
1 3 3 1 17 43 89 99 455 951 1803 0 0 0 0 
1 1 1 11 21 1 51 53 73 203 1 0 0 0 0 
1 1 3 11 23 57 73 167 241 379 217 0 0 0 0 
1 1 7 9 9 63 75 201 507 531 149 0 0 0 0 
1 3 3 13 25 29 99 105 71 441 1487 0 0 0 0 
1 1 1 9 19 29 27 103 443 501 455 0 0 0 0 
1 1 3 7 3 9 1 145 509 753 1353 0 0 0 0 
1 3 1 5 9 41 29 195 71 657 1787 0 0 0 0 
1 3 1 1 13 63 87 37 447 655 1261 0 0 0 0 
1 3 1 11 25 5 97 175 185 113 51 0 0 0 0 
1 3 5 15 17 37 73 245 349 971 1221 0 0 0 0 
1 3 3 1 3 47 99 235 151 839 1105 0 0 0 0 
1 1 5 9 7 53 47 203 245 181 1715 0 0 0 0 
1 1 3 9 19 19 41 125 325 73 481 0 0 0 0 
1 3 5 3 19 21 25 183 443 281 525 0 0 0 0 
1 3 7 1 23 21 119 215 421 269 511 0 0 0 0 
1 3 7 13 15 51 117 73 479 545 2023 0 0 0 0 
1 1 3 13 21 29 11 163 1 895 1999 0 0 0 0 
1 3 1 13 19 53 65 195 265 705 221 0 0 0 0 
1 1 3 9 31 11 51 9 11 317 1663 0 0 0 0 
1 1 7 3 21 11 83 135 85 947 1327 0 0 0 0 
1 1 1 13 17 23 113 155 355 805 185 0 0 0 0 
1 3 3 15 31 51 81 121 185 251 1753 0 0 0 0 
1 3 5 5 9 25 115 83 277 279 447 0 0 0 0 
1 3 1 7 13 29 25 223 343 39 429 0 0 0 0 
1 1 5 5 19 55 69 241 165 331 529 0 0 0 0 
1 3 5 1 3 57 119 177 449 907 1533 0 0 0 0 
1 1 7 15 5 23 101 25 181 851 843 0 0 0 0 
1 1 7 13 25 49 63 115 369 77 381 0 0 0 0 
1 3 7 13 11 55 31 171 395 323 1347 0 0 0 0 
1 1 5 13 5 35 11 13 219 381 1595 0 0 0 0 
1 3 5 7 29 23 73 191 119 811 1693 0 0 0 0 
1 3 5 9 15 27 59 141 345 725 1081 0 0 0 0 
1 3 1 11 21 25 43 147 103 885 1895 0 0 0 0 
1 3 1 15 25 23 67 9 307 969 317 0 0 0 0 
1 3 7 9 3 27 119 73 361 755 1289 0 0 0 0 
1 1 5 9 9 9 93 31 455 463 595 0 0 0 0 
1 3 1 5 31 15 93 175 501 85 1229 0 0 0 0 
1 3 5 11 19 49 81 95 43 931 1633 0 0 0 0 
1 1 7 15 13 53 11 191 93 275 701 0 0 0 0 
1 3 5 3 19 43 33 27 409 983 2007 0 0 0 0 
1 3 5 15 31 5 89 49 249 663 177 0 0 0 0 
1 3 5 13 7 17 97 223 285 339 701 0 0 0 0 
1 1 5 1 7 39 89 97 81 541 1161 0 0 0 0 
1 1 1 5 11 13 37 211 205 19 1129 0 0 0 0 
1 3 5 13 27 15 57 179 163 555 1017 0 0 0 0 
1 3 1 3 11 61 81 47 153 729 917 0 0 0 0 
1 3 1 15 31 9 79 93 127 743 529 0 0 0 0 
1 3 5 15 19 45 25 111 423 189 1161 0 0 0 0 
1 1 3 5 9 37 25 57 131 507 1587 0 0 0 0 
1 3 1 9 9 59 127 229 85 749 57 0 0 0 0 
1 1 3 11 27 29 37 91 23 965 1811 0 0 0 0 
1 3 7 15 3 47 53 181 277 943 739 0 0 0 0 
1 3 1 1 31 55 13 219 223 513 573 0 0 0 0 
1 3 3 15 1 5 11 41 495 889 1779 0 0 0 0 
1 1 7 5 15 17 41 221 37 323 893 0 0 0 0 
1 3 5 5 31 15 85 203 485 613 1495 0 0 0 0 
1 1 1 13 7 33 97 153 21 703 1717 0 0 0 0 
1 3 1 3 13 37 109 83 319 1015 7 0 0 0 0 
1 3 1 7 31 15 33 197 429 255 1005 0 0 0 0 
1 3 5 11 5 11 3 153 275 933 235 0 0 0 0 
1 3 5 1 19 15 15 11 483 985 1131 0 0 0 0 
1 3 3 1 19 33 103 97 477 249 345 0 0 0 0 
1 1 7 11 29 45 69 167 159 413 1247 0 0 0 0 
1 1 7 9 17 25 103 225 455 749 1023 0 0 0 0 
1 3 7 11 13 29 97 205 145 87 605 0 0 0 0 
1 1 3 7 9 33 75 241 69 387 1819 0 0 0 0 
1 1 3 9 27 3 47 111 137 867 687 0 0 0 0 
1 3 7 1 29 15 105 121 509 349 955 0 0 0 0 
1 3 5 11 25 25 111 1 311 303 1119 0 0 0 0 
1 1 3 13 11 17 83 83 57 969 2025 0 0 0 0 
1 1 1 15 29 49 123 25 391 243 1815 0 0 0 0 
1 3 7 7 31 53 49 195 29 599 597 0 0 0 0 
1 3 3 15 23 51 35 203 197 227 857 0 0 0 0 
1 1 7 5 29 51 11 63 293 181 1913 0 0 0 0 
1 1 5 11 5 57 119 133 153 77 1453 0 0 0 0 
1 1 5 13 25 61 41 89 389 763 1385 0 0 0 0 
1 3 1 13 19 55 55 101 191 81 1185 0 0 0 0 
1 3 5 7 19 53 99 1 311 221 1495 0 0 0 0 
1 1 5 7 19 55 79 117 25 355 51 0 0 0 0 
1 3 1 3 23 1 73 199 13 989 1123 0 0 0 0 
1 3 5 7 17 57 55 53 1 491 423 0 0 0 0 
1 3 3 3 5 59 53 103 277 601 203 0 0 0 0 
1 1 5 5 17 9 61 141 291 663 1837 0 0 0 0 
1 1 7 15 19 31 109 243 449 167 569 0 0 0 0 
1 1 7 15 13 7 3 63 483 37 1067 0 0 0 0 
1 3 3 7 5 39 55 3 297 303 1815 0 0 0 0 
1 1 7 5 9 63 1 253 409 631 1825 0 0 0 0 
1 1 5 15 17 49 47 9 19 295 209 0 0 0 0 
1 3 5 5 17 1 5 125 235 395 713 0 0 0 0 
1 1 1 11 23 17 123 49 389 675 1177 0 0 0 0 
1 3 7 9 13 35 123 179 131 509 1407 0 0 0 0 
1 3 5 11 3 27 57 169 435 471 869 0 0 0 0 
1 1 5 15 17 15 63 135 129 409 313 0 0 0 0 
1 3 1 1 7 19 51 185 227 229 1643 0 0 0 0 
1 1 5 11 5 17 55 3 215 657 623 0 0 0 0 
1 1 3 5 11 45 79 241 339 677 747 0 0 0 0 
1 3 1 9 13 17 23 189 275 643 1761 0 0 0 0 
1 3 5 11 23 11 67 83 379 37 87 0 0 0 0 
1 3 3 9 31 55 23 175 1 465 1273 0 0 0 0 
1 1 5 11 23 1 59 119 289 963 717 0 0 0 0 
1 1 5 9 1 15 115 69 277 237 1829 0 0 0 0 
1 1 1 7 15 53 15 249 123 191 309 1603 0 0 0 
1 3 3 1 5 59 95 241 415 107 435 1881 0 0 0 
1 3 7 9 31 25 13 159 25 303 1985 1511 0 0 0 
1 3 5 15 27 27 83 39 303 73 1111 2155 0 0 0 
1 1 3 11 27 37 1 243 47 443 2005 701 0 0 0 
1 3 5 3 11 29 29 107 237 675 223 835 0 0 0 
1 3 7 13 5 51 27 61 103 123 1627 839 0 0 0 
1 3 5 15 17 27 85 171 151 867 1037 73 0 0 0 
1 3 3 1 31 35 101 125 261 855 23 3315 0 0 0 
1 3 3 1 25 27 21 149 305 613 673 1597 0 0 0 
1 1 5 9 25 39 115 117 173 485 379 3949 0 0 0 
1 3 3 7 11 1 87 11 105 569 179 2951 0 0 0 
1 3 1 13 11 53 95 23 207 281 99 2059 0 0 0 
1 3 7 5 27 27 45 177 47 437 1783 2429 0 0 0 
1 3 1 5 15 23 103 223 389 537 131 1669 0 0 0 
1 3 3 15 31 15 75 161 373 685 747 2267 0 0 0 
1 3 7 3 25 11 101 155 275 497 1167 245 0 0 0 
1 1 7 5 15 1 45 69 87 311 1485 3439 0 0 0 
1 3 5 5 5 23 39 203 283 165 1673 2697 0 0 0 
1 3 7 9 11 55 9 209 461 147 1757 3249 0 0 0 
1 3 7 9 13 15 55 161 505 533 1391 863 0 0 0 
1 1 3 15 17 43 49 83 301 563 755 2169 0 0 0 
1 3 5 13 13 53 83 65 417 43 1655 2937 0 0 0 
1 3 1 11 19 27 85 213 101 727 1719 15 0 0 0 
1 3 7 11 23 29 125 25 87 487 1975 2729 0 0 0 
1 3 5 15 7 35 41 91 135 227 1547 721 0 0 0 
1 3 7 5 15 23 53 197 449 737 1521 1371 0 0 0 
1 3 7 13 1 35 71 33 441 889 573 2249 0 0 0 
1 3 3 15 5 15 49 175 275 73 1423 3667 0 0 0 
1 3 7 13 23 9 103 137 149 809 1019 3187 0 0 0 
1 1 3 9 19 43 9 103 217 845 1075 89 0 0 0 
1 3 7 3 15 25 27 225 29 159 1675 4045 0 0 0 
1 3 5 9 9 21 93 187 389 793 1325 775 0 0 0 
1 3 5 9 31 53 29 213 471 271 187 3285 0 0 0 
1 3 1 15 3 59 109 241 321 573 619 2869 0 0 0 
1 1 5 1 31 21 21 247 347 451 499 3179 0 0 0 
1 3 5 9 15 51 19 249 17 585 983 1341 0 0 0 
1 3 7 5 15 23 121 85 413 711 519 1531 0 0 0 
1 3 3 13 19 63 17 55 23 337 1643 1819 0 0 0 
1 3 5 5 21 63 29 125 109 357 1269 3985 0 0 0 
1 3 5 15 29 27 119 17 441 455 879 853 0 0 0 
1 3 7 9 7 27 55 221 83 155 683 1361 0 0 0 
1 3 5 11 15 5 123 55 153 155 621 1053 0 0 0 
1 3 7 11 5 43 73 125 271 561 1511 3851 0 0 0 
1 1 5 15 27 41 125 127 165 441 1603 3109 0 0 0 
1 3 7 3 17 11 9 225 237 691 1225 607 0 0 0 
1 3 5 13 3 33 23 145 15 811 1101 3601 0 0 0 
1 1 5 13 19 1 45 173 269 267 305 4053 0 0 0 
1 3 5 15 9 3 97 47 427 687 1971 2901 0 0 0 
1 3 1 11 29 43 9 91 45 329 131 3071 0 0 0 
1 3 7 11 1 19 83 51 365 487 2025 2341 0 0 0 
1 3 3 1 11 37 41 27 181 445 557 1149 0 0 0 
1 3 5 13 7 15 125 141 455 55 507 1679 0 0 0 
1 3 5 7 17 31 35 13 27 419 1227 1465 0 0 0 
1 3 3 1 19 7 37 165 27 617 591 3055 0 0 0 
1 3 5 13 9 49 39 53 373 81 1529 1875 0 0 0 
1 3 7 11 21 63 73 241 63 913 235 3885 0 0 0 
1 3 5 9 7 9 35 27 461 593 1293 367 0 0 0 
1 3 7 13 27 1 17 91 463 493 1539 351 0 0 0 
1 3 1 7 9 39 89 229 259 137 325 1337 0 0 0 
1 1 5 9 19 19 99 49 377 3 13 983 0 0 0 
1 3 7 15 19 51 101 165 57 479 1597 1561 0 0 0 
1 3 5 15 25 19 97 33 27 851 291 1233 0 0 0 
1 3 3 13 15 61 59 47 1 923 1501 2219 0 0 0 
1 1 3 1 15 43 79 247 331 943 1791 3077 0 0 0 
1 3 5 7 29 5 113 181 505 139 703 2469 0 0 0 
1 3 5 15 1 57 25 95 149 585 743 3063 0 0 0 
1 3 5 5 27 49 73 137 207 25 1031 859 0 0 0 
1 3 7 11 25 21 103 41 279 967 213 3847 0 0 0 
1 3 5 13 29 45 21 45 83 575 847 1877 0 0 0 
1 3 7 15 3 3 39 233 273 1 1601 1759 0 0 0 
1 3 1 11 19 59 59 225 75 1001 335 653 0 0 0 
1 3 5 15 23 51 119 221 157 615 247 1147 0 0 0 
1 3 3 9 21 13 53 217 509 1007 1567 1863 0 0 0 
1 1 7 1 5 61 111 7 11 377 1531 3175 0 0 0 
1 3 5 11 7 31 19 89 41 655 1083 3209 0 0 0 
1 3 5 11 17 27 101 187 221 951 451 2975 0 0 0 
1 3 7 13 13 59 55 23 301 573 1391 3555 0 0 0 
1 1 5 11 7 17 103 177 39 963 1975 3601 0 0 0 
1 3 1 5 7 35 117 131 431 463 1423 3839 0 0 0 
1 3 5 3 15 63 37 231 293 861 1955 2573 0 0 0 
1 3 7 11 23 35 99 245 503 797 1127 1223 0 0 0 
1 3 5 7 9 29 53 105 95 193 27 2865 0 0 0 
1 3 5 9 31 31 115 75 377 309 939 487 0 0 0 
1 3 5 15 17 57 113 57 497 259 1595 1803 0 0 0 
1 3 3 7 11 1 53 151 287 935 1823 1261 0 0 0 
1 3 7 7 17 45 123 11 9 355 1437 725 0 0 0 
1 1 5 13 23 37 115 119 57 297 1375 1245 0 0 0 
1 3 7 13 29 43 77 161 247 29 715 3167 0 0 0 
1 3 7 13 11 15 117 193 223 303 59 1411 0 0 0 
1 3 3 1 11 37 41 175 159 753 163 819 0 0 0 
1 3 1 7 25 29 63 91 357 97 373 1501 0 0 0 
1 3 7 13 27 29 119 11 3 423 1915 2639 0 0 0 
1 1 1 7 25 47 95 153 483 359 303 1591 0 0 0 
1 3 7 15 25 23 91 173 353 115 1497 3591 0 0 0 
1 3 5 1 11 55 91 7 467 183 317 7 0 0 0 
1 1 5 1 17 23 101 119 425 459 205 3633 0 0 0 
1 3 7 11 23 17 75 43 99 585 775 2931 0 0 0 
1 1 7 9 25 27 23 113 63 953 1093 335 0 0 0 
1 3 5 7 19 43 13 205 251 15 1511 2497 0 0 0 
1 3 7 9 27 15 117 9 291 1003 45 249 0 0 0 
1 3 5 11 23 35 19 191 289 513 511 189 0 0 0 
1 3 1 5 13 27 3 239 263 981 1119 1591 0 0 0 
1 3 5 9 13 15 21 253 329 417 879 2613 0 0 0 
1 3 1 13 17 15 49 37 207 429 383 159 0 0 0 
1 1 3 11 15 19 33 79 443 185 443 1705 0 0 0 
1 1 7 9 21 29 87 179 391 1023 879 403 0 0 0 
1 3 3 7 11 3 103 41 473 537 1111 3675 0 0 0 
1 3 5 5 15 43 111 61 511 87 1385 229 0 0 0 
1 1 7 1 25 43 43 139 445 67 251 3947 0 0 0 
1 3 3 15 29 51 73 235 255 749 1001 2675 0 0 0 
1 3 1 15 9 43 121 131 321 147 1129 613 0 0 0 
1 3 7 13 1 13 43 245 273 945 77 3133 0 0 0 
1 3 7 5 31 49 109 143 385 277 1339 1775 0 0 0 
1 3 5 11 19 5 29 17 275 1011 659 889 0 0 0 
1 3 5 9 3 29 49 103 5 913 473 107 0 0 0 
1 3 7 11 19 37 55 215 503 1005 1877 3723 0 0 0 
1 3 5 13 5 29 81 41 295 975 573 3405 0 0 0 
1 1 7 5 21 9 19 39 509 453 935 3617 0 0 0 
1 3 3 9 19 13 99 191 287 727 1741 2691 0 0 0 
1 3 1 11 5 47 111 207 429 491 315 1093 0 0 0 
1 3 5 1 15 13 79 1 401 187 233 2625 0 0 0 
1 3 5 3 29 1 115 163 453 815 1727 2501 0 0 0 
1 3 7 15 1 15 23 189 175 133 1679 669 0 0 0 
1 1 3 11 21 3 67 67 473 63 1675 2785 0 0 0 
1 3 7 5 29 23 119 3 169 427 391 2569 0 0 0 
1 1 7 7 17 9 59 69 65 909 1353 3167 0 0 0 
1 3 7 13 17 33 47 173 249 893 983 3483 0 0 0 
1 3 3 7 13 15 23 15 395 435 1509 3059 0 0 0 
1 3 1 7 3 27 41 197 303 103 703 3469 0 0 0 
1 3 7 11 13 27 89 255 477 423 875 3873 0 0 0 
1 3 3 13 25 33 113 55 131 307 61 1791 0 0 0 
1 3 1 13 17 61 39 243 19 457 983 2241 0 0 0 
1 3 3 5 21 13 91 95 17 305 1213 3317 0 0 0 
1 3 5 9 1 51 99 103 123 505 1129 2015 0 0 0 
1 1 3 11 11 33 35 249 197 825 695 1793 0 0 0 
1 3 5 5 9 57 79 163 233 221 1097 2461 0 0 0 
1 3 5 9 7 57 119 237 445 927 861 3203 0 0 0 
1 3 5 7 9 35 79 27 133 361 1841 2653 0 0 0 
1 3 5 9 5 57 23 39 71 533 1445 565 0 0 0 
1 3 7 1 3 3 21 145 471 665 1817 3099 0 0 0 
1 3 7 3 13 45 35 207 241 585 945 1309 0 0 0 
1 3 5 9 27 31 125 79 5 717 1519 1741 0 0 0 
1 3 3 9 21 57 95 107 61 879 1031 2857 0 0 0 
1 3 3 1 11 49 111 103 467 985 1957 1903 4083 0 0 
1 1 5 7 19 35 57 213 91 279 1293 2171 5229 0 0 
1 1 3 5 9 15 9 33 385 349 749 2163 3601 0 0 
1 1 7 5 3 3 47 143 231 681 359 2715 1459 0 0 
1 1 7 1 5 17 55 165 109 933 1029 463 767 0 0 
1 1 3 9 13 39 77 187 405 125 939 3921 143 0 0 
1 1 5 7 13 29 87 93 385 215 1071 3945 2665 0 0 
1 1 3 15 23 51 85 221 501 723 1511 1627 6769 0 0 
1 1 3 7 25 5 83 35 299 777 1931 279 1875 0 0 
1 1 3 13 3 25 31 129 85 941 117 2419 6487 0 0 
1 1 3 3 11 49 1 35 237 607 471 1545 6959 0 0 
1 1 1 13 11 15 69 145 273 511 1095 39 3199 0 0 
1 3 3 15 11 63 75 43 253 191 169 3503 8133 0 0 
1 3 3 11 31 45 77 29 17 331 673 3635 325 0 0 
1 3 3 15 17 27 81 127 355 899 1095 667 2983 0 0 
1 3 1 5 19 45 7 85 219 167 663 565 4453 0 0 
1 3 3 7 13 45 5 11 407 65 239 3249 5895 0 0 
1 1 3 7 31 55 71 147 323 993 229 1665 2811 0 0 
1 1 7 1 11 25 49 177 207 675 2009 501 917 0 0 
1 1 5 3 13 55 27 111 75 557 1579 3549 8167 0 0 
1 3 7 11 23 7 65 173 7 921 1401 2889 4839 0 0 
1 1 1 15 17 35 127 211 287 845 561 3693 4087 0 0 
1 1 3 3 19 43 97 59 121 265 1209 3663 5897 0 0 
1 3 5 13 9 63 49 243 117 47 883 1603 8077 0 0 
1 3 7 13 3 17 103 1 95 259 1983 1477 481 0 0 
1 1 3 13 11 3 93 137 79 585 1085 1209 1347 0 0 
1 3 5 15 27 61 77 245 331 21 111 3699 6123 0 0 
1 3 1 9 5 17 101 135 419 965 747 449 1095 0 0 
1 1 3 11 13 35 113 123 465 163 441 3581 4005 0 0 
1 1 5 1 9 61 99 251 465 383 407 1751 4097 0 0 
1 1 1 11 13 55 103 53 47 223 213 3967 3511 0 0 
1 3 7 9 11 51 3 9 175 301 1033 2259 7537 0 0 
1 1 3 11 15 21 5 139 35 43 1999 1405 2651 0 0 
1 1 3 3 3 1 91 33 379 287 1707 2889 6229 0 0 
1 3 3 7 25 19 91 9 51 563 367 3133 1795 0 0 
1 1 3 11 21 55 57 221 359 723 1445 487 3155 0 0 
1 3 3 1 27 49 23 61 497 815 355 85 3261 0 0 
1 1 3 13 5 23 39 43 411 33 1361 1705 955 0 0 
1 3 1 3 27 43 7 65 469 357 673 2923 7805 0 0 
1 3 7 5 11 43 93 183 335 813 33 2925 7101 0 0 
1 3 5 9 13 61 95 147 201 47 585 313 6555 0 0 
1 3 3 9 5 63 119 177 37 549 1161 925 5589 0 0 
1 1 1 9 5 37 63 229 305 927 1999 3827 7977 0 0 
1 1 7 13 11 23 85 91 311 833 183 3735 3535 0 0 
1 1 5 13 25 23 65 43 219 153 1175 3927 3587 0 0 
1 3 1 5 29 33 95 91 121 215 1471 2597 4531 0 0 
1 3 5 9 29 9 93 37 301 11 689 3535 2607 0 0 
1 3 1 1 3 13 49 75 383 229 911 1505 7279 0 0 
1 1 7 13 3 35 41 47 283 941 1681 479 5535 0 0 
1 1 7 13 13 63 77 169 271 1005 707 3785 6183 0 0 
1 1 3 11 13 55 79 53 19 939 1637 1115 317 0 0 
1 3 3 3 11 51 69 147 113 949 1309 1791 7753 0 0 
1 1 7 11 3 41 115 85 363 169 503 75 417 0 0 
1 1 7 3 31 23 33 157 353 375 355 2537 2525 0 0 
1 1 3 5 1 1 39 183 81 941 1909 1677 921 0 0 
1 1 7 1 25 25 57 157 421 971 1273 3823 4779 0 0 
1 1 3 5 31 3 63 131 43 335 535 1939 2603 0 0 
1 1 3 15 23 57 109 113 313 877 1343 1511 5403 0 0 
1 1 3 9 25 17 85 249 395 653 173 3699 4807 0 0 
1 1 1 15 13 43 79 227 1 343 105 2063 6081 0 0 
1 1 3 9 7 49 127 103 91 559 349 3239 3143 0 0 
1 1 3 9 17 41 61 37 511 431 739 2343 853 0 0 
1 1 3 13 25 35 31 3 253 365 1273 1505 1475 0 0 
1 1 5 15 17 45 31 159 113 489 883 1073 2313 0 0 
1 1 5 3 5 51 61 87 229 527 435 2499 7137 0 0 
1 3 1 5 13 21 41 41 317 153 1113 1447 323 0 0 
1 3 5 3 19 35 125 7 389 157 249 307 4117 0 0 
1 3 5 9 27 47 13 183 13 277 1477 3805 8073 0 0 
1 3 7 9 21 43 27 67 447 563 1057 3243 663 0 0 
1 1 5 5 7 3 127 21 331 371 447 1915 6061 0 0 
1 1 5 1 11 31 7 73 407 607 1591 2661 5685 0 0 
1 1 3 9 27 31 45 253 299 721 887 1553 8007 0 0 
1 1 5 7 29 39 1 207 125 79 867 165 7967 0 0 
1 1 5 13 29 49 111 27 329 417 1685 1451 7009 0 0 
1 3 1 13 17 5 51 175 457 95 1143 1645 3299 0 0 
1 3 5 15 29 39 63 243 155 609 1917 2059 79 0 0 
1 1 7 11 29 49 31 243 189 423 1283 3753 1115 0 0 
1 3 7 5 11 61 55 93 141 573 1263 2855 7665 0 0 
1 3 5 11 23 53 35 89 401 897 1003 1083 5551 0 0 
1 3 7 11 13 63 125 105 101 233 1195 451 585 0 0 
1 3 5 5 7 35 65 141 325 755 1165 2659 4581 0 0 
1 3 3 5 9 9 109 223 193 1003 1875 469 3983 0 0 
1 1 5 3 27 55 3 5 147 373 1017 2607 349 0 0 
1 1 1 15 5 53 53 83 431 431 1463 683 4509 0 0 
1 1 5 11 11 53 109 71 445 773 1431 2427 1187 0 0 
1 3 1 5 31 41 31 73 29 655 1637 3881 1911 0 0 
1 1 5 11 13 11 83 197 35 507 1339 1791 7585 0 0 
1 1 7 9 27 31 13 247 507 569 1857 877 3639 0 0 
1 1 3 7 17 19 51 127 497 181 1099 3371 3273 0 0 
1 3 3 15 3 39 45 61 467 747 1217 1585 4477 0 0 
1 3 5 1 27 63 35 231 427 905 1015 87 3675 0 0 
1 3 7 1 17 41 47 235 219 521 133 1231 7723 0 0 
1 3 5 13 19 55 113 253 249 561 1109 805 5555 0 0 
1 1 7 11 7 59 23 113 255 65 521 2109 4849 0 0 
1 3 7 9 3 63 55 211 171 267 1605 1597 4087 0 0 
1 3 1 1 19 35 45 79 453 1015 329 2373 2117 0 0 
1 3 1 13 1 25 105 77 75 189 1101 443 3907 0 0 
1 1 5 13 31 25 93 73 267 457 1565 2705 7521 0 0 
1 1 1 15 21 15 87 201 465 473 935 297 4469 0 0 
1 1 7 13 1 15 83 245 161 567 1275 1961 1961 0 0 
1 3 1 7 31 51 127 91 97 493 469 1511 4259 0 0 
1 3 5 1 13 23 7 85 57 897 1133 2739 7393 0 0 
1 3 1 13 29 27 43 163 359 395 1147 2437 3555 0 0 
1 1 3 7 23 15 77 187 431 431 257 1303 4651 0 0 
1 3 3 3 3 27 9 195 167 251 1493 1411 1265 0 0 
1 1 7 3 21 27 37 15 371 159 855 307 4683 0 0 
1 1 5 11 7 13 51 129 379 571 927 3203 6641 0 0 
1 3 1 7 7 41 83 23 249 557 165 1655 2595 0 0 
1 3 1 13 15 27 5 185 41 259 21 459 1395 0 0 
1 3 3 15 5 1 75 107 209 999 1129 2529 5897 0 0 
1 1 7 9 31 37 35 211 47 973 1129 2601 4049 0 0 
1 3 3 9 11 33 43 249 219 51 273 939 6561 0 0 
1 1 5 13 29 5 9 231 417 709 1825 3793 1345 0 0 
1 3 7 7 9 47 1 93 53 447 729 103 883 0 0 
1 1 1 5 1 9 121 253 289 685 1741 1053 3023 0 0 
1 3 7 13 3 17 51 113 303 469 1757 1721 6863 0 0 
1 1 7 11 3 59 87 115 17 541 87 313 6523 0 0 
1 3 1 3 29 21 13 13 225 379 97 4039 5477 0 0 
1 3 1 5 31 25 63 173 311 775 1763 3661 7969 0 0 
1 1 3 5 7 9 29 47 471 27 565 3857 1189 0 0 
1 1 5 13 17 9 19 1 395 241 1911 4077 15 0 0 
1 1 3 11 19 55 83 27 399 301 1661 2133 2873 0 0 
1 1 7 13 23 5 15 61 197 661 1731 2427 1779 0 0 
1 1 3 5 23 39 39 83 423 739 173 31 1519 0 0 
1 1 3 11 17 61 33 33 259 829 1855 2387 1397 0 0 
1 1 5 9 23 25 49 215 279 675 1037 2817 8015 0 0 
1 1 7 11 11 63 39 95 33 609 35 951 6837 0 0 
1 3 7 1 21 33 65 245 97 71 2031 3081 6755 0 0 
1 1 1 9 7 13 121 233 5 317 309 1689 2285 0 0 
1 1 5 11 27 53 37 157 311 793 717 4033 5843 0 0 
1 1 7 5 19 13 97 103 455 885 1081 487 2237 0 0 
1 1 5 9 3 57 27 211 429 197 931 3791 5687 0 0 
1 3 3 7 15 1 25 49 37 629 1595 1159 5355 0 0 
1 3 5 9 27 59 109 75 379 321 1099 2641 4659 0 0 
1 3 1 15 5 31 119 183 503 903 425 133 871 0 0 
1 1 7 15 3 35 113 73 213 899 829 1933 1823 0 0 
1 3 5 7 23 59 119 249 63 269 1389 2449 1351 0 0 
1 3 5 9 13 55 23 225 399 123 1697 1367 1305 0 0 
1 1 1 13 11 13 55 117 83 331 1021 121 5015 0 0 
1 3 1 11 21 51 107 217 117 503 1033 4085 4155 0 0 
1 1 7 5 31 53 3 149 113 657 1273 3385 6427 0 0 
1 1 5 11 25 61 19 211 239 499 1859 3979 5515 0 0 
1 1 7 7 27 63 103 181 167 37 1039 3299 5865 0 0 
1 3 7 13 29 59 23 57 399 1009 1695 203 2407 0 0 
1 1 7 11 11 7 13 195 237 961 785 1137 7583 0 0 
1 3 7 5 19 19 99 189 179 559 627 3573 1233 0 0 
1 1 5 3 27 31 11 163 23 335 323 1749 3419 0 0 
1 1 5 11 3 63 45 17 9 753 1931 1739 949 0 0 
1 1 3 13 5 27 77 171 143 443 463 3705 4421 0 0 
1 3 5 9 17 51 123 47 69 313 487 825 2013 0 0 
1 1 5 11 1 7 37 159 95 681 1859 2421 801 0 0 
1 3 1 9 13 25 77 149 17 101 1973 3435 333 0 0 
1 1 5 13 27 47 77 207 5 203 1991 2585 5075 0 0 
1 3 3 3 19 21 45 3 217 685 163 1333 6469 0 0 
1 1 3 5 7 45 121 171 487 135 1009 3707 2905 0 0 
1 1 3 1 23 23 93 23 81 33 513 487 3949 0 0 
1 1 5 5 21 31 53 245 461 207 693 3235 2331 0 0 
1 1 1 7 29 55 9 163 113 287 1799 2245 249 0 0 
1 3 1 11 7 41 17 19 335 833 1531 4089 3075 0 0 
1 1 5 13 9 61 89 49 205 507 61 2103 3705 0 0 
1 1 5 15 15 57 65 9 409 577 699 755 7727 0 0 
1 3 7 1 17 35 61 165 63 939 1469 3469 1537 0 0 
1 1 3 9 15 55 63 141 257 245 905 1817 1663 0 0 
1 1 3 15 29 1 75 167 199 1021 1819 673 5901 0 0 
1 1 3 13 21 45 47 11 377 501 1703 2515 3559 0 0 
1 1 5 7 25 45 5 235 49 575 1433 585 2773 0 0 
1 1 1 11 23 35 89 87 275 183 1263 3405 5151 0 0 
1 3 3 3 27 63 59 155 419 897 327 2459 2977 0 0 
1 3 3 5 5 5 57 39 511 695 1101 813 2861 0 0 
1 1 7 3 27 47 73 181 61 1019 1169 703 7039 0 0 
1 1 5 7 27 59 27 105 269 767 407 2035 5637 0 0 
1 1 7 15 17 25 59 109 385 959 1765 2511 4493 0 0 
1 1 7 13 19 49 123 21 87 657 635 1641 2759 0 0 
1 3 1 5 25 27 1 231 333 667 1971 2261 1183 0 0 
1 1 7 15 11 5 67 19 117 443 699 1039 3481 0 0 
1 1 7 13 25 35 57 187 349 815 791 1855 625 0 0 
1 3 3 7 23 13 107 99 417 343 1661 825 1119 0 0 
1 1 7 15 23 55 47 179 15 249 801 2695 1871 0 0 
1 1 7 15 13 1 21 189 191 477 19 793 1087 0 0 
1 3 3 9 27 13 19 203 221 729 931 3145 1697 0 0 
1 1 7 7 15 13 37 229 171 733 1335 955 2167 0 0 
1 1 5 7 1 35 69 153 135 873 1345 2889 639 0 0 
1 1 1 5 19 19 103 181 293 213 611 867 4443 0 0 
1 3 1 1 17 19 121 91 357 831 1893 235 211 0 0 
1 1 3 9 5 49 61 155 411 255 1217 2621 6445 0 0 
1 1 3 1 15 37 61 51 97 3 1253 2009 4949 0 0 
1 1 5 15 11 9 85 253 329 117 1761 1161 121 0 0 
1 1 7 9 25 51 33 115 459 295 755 97 2453 0 0 
1 1 7 15 7 45 45 175 149 709 297 263 6307 0 0 
1 1 5 9 19 7 77 127 401 551 287 3223 5135 0 0 
1 1 5 3 29 9 51 117 43 877 499 3619 7961 0 0 
1 1 5 9 19 63 21 179 23 235 551 105 1345 0 0 
1 1 3 5 7 41 85 247 399 937 1269 535 5279 0 0 
1 3 3 3 9 55 33 7 217 1013 359 2349 1627 0 0 
1 1 1 11 23 41 89 15 67 599 1183 1563 2945 0 0 
1 1 5 1 9 55 41 249 243 651 1997 2241 6343 0 0 
1 3 7 13 1 59 7 49 287 99 95 1315 1905 0 0 
1 1 3 15 13 23 23 227 181 71 759 2151 617 0 0 
1 1 3 5 9 3 89 159 231 631 1629 1747 6605 0 0 
1 3 5 9 9 5 81 183 223 955 1501 467 3759 0 0 
1 1 5 13 11 47 103 19 401 159 1489 3555 3207 0 0 
1 1 3 3 13 61 39 119 91 291 639 1265 2827 0 0 
1 1 5 11 7 49 113 131 467 181 25 1049 1935 0 0 
1 3 7 3 9 21 103 225 459 177 1339 2665 4481 0 0 
1 1 5 13 19 1 63 27 41 523 1349 3391 617 0 0 
1 3 1 7 3 11 33 173 215 171 1203 3401 2943 0 0 
1 1 3 13 9 11 63 63 233 547 193 3997 6997 0 0 
1 3 1 15 25 37 65 197 357 617 801 2947 639 0 0 
1 1 3 1 5 63 71 211 389 927 91 469 3973 0 0 
1 1 7 3 15 53 79 255 125 567 1747 2617 5379 0 0 
1 1 5 15 27 9 37 49 361 931 541 2537 3781 0 0 
1 1 5 11 21 25 13 49 201 237 1007 303 431 0 0 
1 1 1 9 21 49 9 165 77 761 995 1609 3615 0 0 
1 1 3 9 3 61 91 63 145 953 2027 1251 1351 0 0 
1 3 5 1 13 59 85 129 397 529 253 1111 3157 0 0 
1 3 3 13 21 57 31 91 465 67 1041 217 6081 0 0 
1 1 5 3 7 61 89 11 125 163 1995 2771 7853 0 0 
1 3 1 9 15 19 79 87 75 793 2015 1215 6987 0 0 
1 3 5 9 19 43 33 79 175 461 1705 2217 5353 0 0 
1 1 7 7 13 11 25 199 447 425 637 3631 463 0 0 
1 3 7 11 5 45 17 155 467 569 1849 1975 3339 0 0 
1 1 1 11 5 41 37 113 97 893 555 327 4611 0 0 
1 3 1 9 15 7 113 91 313 215 1555 3279 1087 0 0 
1 3 1 5 25 63 19 245 257 699 905 957 7419 0 0 
1 3 1 3 11 25 31 131 339 805 1223 2357 567 0 0 
1 3 1 13 5 33 99 187 231 921 835 2885 2325 0 0 
1 3 1 15 7 11 69 33 25 693 1893 1173 269 0 0 
1 3 5 13 1 17 41 117 369 525 731 1185 467 0 0 
1 3 1 7 9 53 27 241 419 113 605 91 1335 0 0 
1 1 7 15 5 45 107 109 237 43 1461 1011 2389 0 0 
1 1 5 13 25 31 3 35 255 589 459 873 5137 0 0 
1 3 7 7 11 9 107 229 305 145 1705 261 7743 0 0 
1 1 7 13 1 45 119 81 245 577 825 2389 8143 0 0 
1 1 7 9 29 47 91 205 159 557 1119 765 7639 0 0 
1 1 7 3 11 53 113 77 73 495 1371 3921 6851 0 0 
1 3 3 13 3 43 97 81 401 649 785 261 6261 0 0 
1 3 5 13 5 3 67 223 353 99 709 661 8087 0 0 
1 3 5 13 27 63 121 11 263 665 1773 989 2691 0 0 
1 1 3 11 5 43 73 75 83 775 355 705 3637 0 0 
1 1 5 13 17 61 3 137 457 427 741 855 4635 0 0 
1 3 5 1 21 39 77 175 201 455 251 2479 995 0 0 
1 3 3 11 11 33 81 163 247 903 1141 2247 4383 0 0 
1 3 5 7 5 13 25 141 307 257 443 1717 7809 0 0 
1 1 3 5 5 15 49 245 191 477 1547 887 7091 0 0 
1 1 5 9 11 53 33 173 103 97 1243 1395 7837 0 0 
1 1 7 15 27 63 99 107 13 81 1967 2627 4535 0 0 
1 1 7 9 29 9 35 123 241 1003 865 183 6235 0 0 
1 3 5 11 1 39 67 219 11 1011 47 2941 3933 0 0 
1 3 5 15 7 39 113 181 83 207 1353 4001 5273 0 0 
1 1 7 13 23 25 21 151 213 907 1627 1179 3197 0 0 
1 1 5 5 11 45 103 233 189 951 719 3603 2051 0 0 
1 3 3 15 27 13 95 149 429 799 13 1153 4667 0 0 
1 1 1 7 5 41 79 25 373 667 421 1241 3251 0 0 
1 3 3 5 25 17 21 99 509 65 727 183 5987 0 0 
1 3 3 5 1 51 61 101 183 659 1607 335 6369 0 0 
1 1 5 13 31 11 35 81 415 101 133 3175 4523 0 0 
1 3 1 11 15 51 1 123 319 279 1641 1035 7167 0 0 
1 1 7 3 19 9 13 69 307 521 637 1361 3923 0 0 
1 3 7 3 31 47 47 43 73 433 645 2075 669 0 0 
1 3 3 13 7 39 7 149 277 251 1537 1309 2111 0 0 
1 1 5 3 23 37 35 213 439 859 1235 3589 5317 0 0 
1 1 3 9 15 1 85 143 371 393 283 3073 717 0 0 
1 1 7 9 11 59 77 239 285 87 1595 3083 385 0 0 
1 3 7 3 19 45 81 111 297 881 557 3955 4757 0 0 
1 1 3 15 11 3 29 165 71 403 1919 249 1735 0 0 
1 3 1 3 9 41 113 223 389 617 833 495 2443 0 0 
1 3 5 7 17 41 107 13 495 105 1057 547 1819 0 0 
1 1 5 7 1 37 79 41 477 967 1999 2811 2551 0 0 
1 3 3 15 3 1 115 183 425 459 1331 2303 2619 0 0 
1 1 1 7 19 23 85 105 63 613 867 1971 6305 0 0 
1 1 7 5 13 63 25 19 41 229 481 423 245 0 0 
1 1 5 3 5 49 65 167 21 697 639 2255 859 0 0 
1 3 1 11 13 31 107 235 55 35 725 2777 1241 0 0 
1 1 5 11 31 29 61 19 391 877 985 1191 6693 0 0 
1 1 5 3 3 1 53 59 97 79 489 1583 4237 0 0 
1 3 7 1 25 31 73 239 135 923 1733 2163 4849 0 0 
1 1 3 3 15 35 55 165 129 729 1951 3679 199 0 0 
1 3 5 13 23 51 95 193 245 201 253 3461 2589 0 0 
1 1 3 11 17 23 93 111 305 355 1769 775 5287 0 0 
1 3 3 9 15 23 29 9 113 423 1339 831 4777 0 0 
1 1 5 7 23 39 67 119 39 217 1955 4049 125 0 0 
1 3 5 5 9 15 55 25 437 193 219 2785 5803 0 0 
1 3 5 13 21 7 101 207 323 585 251 1573 6159 0 0 
1 1 5 3 27 17 33 47 469 733 1241 2883 905 0 0 
1 1 5 1 19 43 25 19 219 385 1455 1449 6275 0 0 
1 3 7 1 25 7 47 37 163 719 1931 1325 6819 0 0 
1 1 7 7 31 35 111 219 19 889 41 3479 7443 0 0 
1 3 5 7 13 53 69 97 471 941 441 1093 5945 0 0 
1 3 5 5 11 35 99 55 31 179 1193 2235 7565 0 0 
1 1 5 7 27 15 45 45 417 309 845 3691 3767 0 0 
1 1 3 9 13 5 79 115 331 303 253 1577 6459 0 0 
1 1 7 3 31 15 29 199 327 445 1741 2313 6783 0 0 
1 1 7 13 31 59 101 129 495 719 1237 2701 2967 0 0 
1 1 3 15 31 39 103 9 409 453 273 1321 297 0 0 
1 3 5 5 21 31 111 95 15 99 875 1497 7329 0 0 
1 1 5 1 19 59 39 185 259 117 1307 1177 5415 0 0 
1 1 7 7 7 39 35 117 293 337 1599 667 5967 0 0 
1 3 5 7 13 7 115 131 509 821 643 3133 899 0 0 
1 1 3 15 21 9 55 83 219 957 1265 2351 4621 0 0 
1 1 1 15 13 35 45 17 403 151 1545 2189 1827 0 0 
1 3 1 15 19 57 63 47 355 727 1631 417 3325 0 0 
1 1 7 11 1 13 45 121 25 217 2025 3635 6487 0 0 
1 3 3 13 17 63 105 175 153 643 2017 3421 4729 0 0 
1 1 3 13 21 55 45 229 473 915 721 509 4403 0 0 
1 1 3 11 17 19 55 233 491 637 1663 211 795 0 0 
1 3 1 11 5 47 3 191 501 621 1191 3893 1633 0 0 
1 1 7 15 17 33 51 255 275 275 1153 2683 699 0 0 
1 1 5 3 31 25 69 233 333 879 1329 2353 1515 0 0 
1 1 7 5 23 21 47 171 9 1021 1685 2729 3651 0 0 
1 1 1 5 9 17 113 9 245 481 1255 1619 2855 0 0 
1 1 7 13 3 31 3 217 49 895 119 3713 2043 0 0 
1 1 3 13 15 47 105 201 59 941 253 145 5355 0 0 
1 1 5 11 3 31 59 241 477 33 313 3513 8099 0 0 
1 1 7 3 15 9 49 111 101 761 1033 3111 23 0 0 
1 1 7 5 15 57 7 213 237 493 879 2807 7489 0 0 
1 1 5 7 21 29 51 23 257 467 1823 3049 5335 0 0 
1 1 5 11 5 61 73 189 109 589 687 3765 4789 0 0 
1 3 5 13 29 43 65 59 137 621 785 2293 1017 0 0 
1 1 5 13 31 21 19 165 267 469 1327 1627 7601 0 0 
1 1 1 9 3 7 87 57 91 343 1231 491 5863 0 0 
1 1 3 13 31 19 15 143 287 399 407 2697 3467 0 0 
1 1 7 7 5 27 111 247 511 763 1529 3045 4531 0 0 
1 1 3 1 17 43 23 145 31 517 2023 87 5083 0 0 
1 3 7 15 11 11 127 67 301 593 1873 2575 7277 0 0 
1 1 3 7 31 27 27 133 207 879 231 47 4349 0 0 
1 1 3 5 1 27 81 167 373 151 1143 2467 4953 0 0 
1 1 7 13 23 9 7 51 121 671 101 1005 4791 0 0 
1 3 5 5 17 11 73 135 313 435 405 59 5109 0 0 
1 1 7 9 21 13 37 165 369 99 1929 3411 6111 0 0 
1 1 5 11 21 11 63 231 57 321 2041 3231 4169 0 0 
1 1 5 7 17 53 53 223 177 357 351 1381 5401 0 0 
1 3 3 3 5 59 3 81 261 333 1403 221 2271 0 0 
1 1 5 9 9 39 123 75 289 477 763 2429 267 0 0 
1 1 5 5 21 41 63 235 347 281 1967 2859 581 0 0 
1 3 3 7 25 61 69 189 361 559 1985 115 3593 0 0 
1 3 1 1 23 19 61 111 169 51 1111 651 4701 0 0 
1 1 1 13 9 29 87 205 329 79 227 2759 6403 0 0 
1 3 3 1 1 45 57 173 169 409 1651 3297 1991 0 0 
1 1 7 3 5 41 15 191 107 627 379 837 4211 0 0 
1 1 5 1 15 41 7 227 133 509 949 3307 1859 0 0 
1 3 1 11 13 3 49 141 25 749 763 873 8095 0 0 
1 1 3 11 27 51 53 133 501 615 439 1815 13 0 0 
1 1 3 15 25 45 71 103 77 913 17 3093 3001 0 0 
1 3 1 3 9 49 43 185 169 419 341 1415 4301 0 0 
1 1 3 3 11 17 119 133 311 123 1581 1399 3431 0 0 
1 3 3 3 11 51 7 243 243 409 1369 549 7509 0 0 
1 1 1 3 5 3 21 19 313 613 255 2397 5977 0 0 
1 3 5 9 25 25 79 139 161 797 933 3861 7271 0 0 
1 1 7 11 27 25 73 191 201 115 1767 383 5285 0 0 
1 3 1 1 29 55 111 205 157 961 1761 3151 3623 0 0 
1 1 7 5 9 17 55 119 357 501 213 2917 1825 0 0 
1 3 5 15 19 43 95 201 389 133 171 777 5999 0 0 
1 1 3 7 9 35 111 81 401 213 1353 595 4817 0 0 
1 1 3 15 17 21 111 121 291 947 821 2811 827 0 0 
1 1 3 9 31 31 125 243 119 731 1645 1807 2879 0 0 
1 3 7 7 19 5 59 1 113 271 1325 2823 5929 0 0 
1 1 1 15 1 13 111 221 339 227 943 3895 4119 0 0 
1 3 5 13 9 27 119 249 391 129 709 2283 3437 0 0 
1 1 5 3 31 23 49 75 285 759 389 329 5657 0 0 
1 1 5 1 15 49 107 243 273 111 597 291 5903 0 0 
1 3 3 11 25 27 61 145 281 117 1479 201 1689 0 0 
1 1 5 7 31 11 99 81 335 391 1791 4049 5383 0 0 
1 1 7 5 5 55 59 93 387 669 621 1939 6567 0 0 
1 3 7 13 15 29 51 91 245 239 1001 2613 1639 0 0 
1 1 5 9 19 3 99 211 407 129 569 2641 3275 0 0 
1 1 7 9 5 9 95 55 367 911 2045 1791 6013 0 0 
1 1 1 15 11 33 33 71 371 737 1195 2667 5727 0 0 
1 3 5 15 29 13 55 95 233 217 729 1999 3851 0 0 
1 1 5 5 23 33 27 205 139 809 957 2213 3955 0 0 
1 1 3 13 23 29 115 51 37 967 1895 2083 5389 0 0 
1 1 7 11 9 39 11 3 369 1019 1979 169 4519 0 0 
1 1 7 9 11 41 117 67 165 747 295 3835 851 0 0 
1 1 5 7 3 19 65 87 225 1017 1967 1955 7677 0 0 
1 3 1 3 31 59 21 163 37 973 531 3597 2203 0 0 
1 1 5 13 29 49 101 251 205 173 1769 2031 2811 0 0 
1 1 3 1 1 63 21 185 437 637 1871 3425 5727 0 0 
1 1 1 9 21 9 95 127 459 493 1485 311 6333 0 0 
1 1 3 3 7 61 101 175 313 909 395 2425 2687 0 0 
1 1 5 15 31 57 67 225 45 557 177 1157 4697 0 0 
1 3 5 3 21 47 125 179 473 787 759 2349 1631 0 0 
1 1 3 11 13 57 57 147 279 549 777 979 4579 0 0 
1 3 1 5 21 53 33 33 35 789 1737 565 657 0 0 
1 1 7 3 13 23 7 169 313 849 1515 2019 4883 0 0 
1 3 7 15 1 57 9 111 91 999 1357 1815 1265 0 0 
1 3 1 13 23 29 111 167 341 73 101 2095 751 0 0 
1 1 7 9 5 15 41 217 133 187 1145 3443 3147 0 0 
1 3 7 5 11 11 3 227 95 833 59 2985 5339 0 0 
1 1 5 1 9 13 31 65 475 561 667 1243 1 0 0 
1 3 7 3 11 59 9 163 161 403 69 2581 6917 0 0 
1 1 7 3 19 51 101 153 49 283 333 451 7785 0 0 
1 3 3 7 25 13 43 159 123 971 151 2553 4727 0 0 
1 1 3 15 25 49 63 93 171 917 1305 3189 8057 0 0 
1 3 1 7 29 1 113 15 373 631 351 943 4139 0 0 
1 1 1 3 19 55 37 197 167 323 1615 3695 2523 0 0 
1 1 3 3 27 41 103 113 457 191 1939 2589 6313 0 0 
1 1 7 3 11 19 31 215 411 107 807 3355 7079 0 0 
1 3 5 15 7 63 13 55 275 159 1367 3915 5003 0 0 
1 3 1 13 29 31 77 177 97 719 785 1401 5529 0 0 
1 3 1 1 19 23 117 193 275 267 449 2319 5559 0 0 
1 3 1 11 19 11 57 221 339 971 553 1549 1473 0 0 
1 1 5 3 15 61 65 113 325 267 1253 3907 1847 0 0 
1 3 5 11 31 31 17 229 171 575 1133 3135 3757 0 0 
1 1 3 15 21 35 55 43 189 19 2027 185 857 0 0 
1 3 5 7 23 63 67 161 57 177 1563 4065 6431 0 0 
1 1 1 3 27 27 113 27 437 929 2025 1151 4163 0 0 
1 3 7 9 3 53 95 147 13 811 463 1765 3851 0 0 
1 3 5 3 9 7 101 173 89 409 647 2305 529 0 0 
1 3 7 15 25 25 1 61 287 567 143 77 1089 0 0 
1 1 7 9 23 39 115 53 435 831 605 433 4849 0 0 
1 3 5 1 31 61 9 47 383 547 1279 1967 2211 0 0 
1 1 5 5 11 37 109 141 129 173 631 809 6803 0 0 
1 3 7 3 7 9 67 135 289 915 307 3463 3425 0 0 
1 1 5 15 15 57 85 25 143 99 415 641 6863 0 0 
1 3 3 11 15 47 121 219 263 997 1971 2361 2169 0 0 
1 1 1 11 13 7 49 139 79 377 1255 3857 7197 0 0 
1 3 3 5 23 11 75 199 177 91 1625 633 6025 0 0 
1 1 3 13 11 19 39 133 119 963 1769 3427 19 0 0 
1 3 1 9 23 37 97 55 97 17 541 1335 2085 0 0 
1 3 3 5 17 1 35 219 137 649 1445 823 5915 0 0 
1 1 3 15 27 7 125 173 483 837 1525 2287 6551 0 0 
1 3 3 15 25 45 17 181 241 979 393 857 6171 0 0 
1 3 1 5 19 19 125 35 407 355 1869 3939 6549 0 0 
1 3 3 15 29 31 69 25 439 403 1395 453 4409 0 0 
1 1 5 15 1 29 127 153 379 485 373 2603 4607 0 0 
1 3 5 3 1 37 51 81 477 341 1327 1857 3173 0 0 
1 1 1 7 11 61 27 97 239 591 1665 573 2179 0 0 
1 3 7 9 17 13 103 19 9 887 107 403 2323 0 0 
1 1 5 11 13 5 41 87 313 139 437 3497 3787 0 0 
1 3 7 1 3 13 127 49 93 205 1797 99 7825 0 0 
1 1 7 13 27 19 127 199 283 929 2021 2641 2439 0 0 
1 3 5 7 29 37 91 173 309 37 1523 3099 8015 0 0 
1 3 1 7 23 11 17 65 361 111 809 3231 4445 0 0 
1 3 7 9 29 63 71 171 353 237 1015 1447 5097 0 0 
1 3 5 13 23 13 45 119 191 819 1869 49 6843 0 0 
1 1 3 5 29 7 25 9 313 67 251 1125 1863 0 0 
1 3 5 5 5 13 29 245 79 869 1973 787 3075 0 0 
1 3 1 9 29 25 73 145 453 709 1649 2053 7443 0 0 
1 3 1 5 15 43 11 63 71 279 1357 641 4649 0 0 
1 1 3 13 13 33 27 105 243 149 137 2537 4795 0 0 
1 1 5 11 31 53 99 219 155 831 1543 987 4225 0 0 
1 1 7 7 27 41 97 31 207 247 1571 2251 2915 0 0 
1 1 7 1 13 63 127 45 61 659 11 2417 6485 0 0 
1 1 7 5 17 7 43 203 481 331 41 571 5067 0 0 
1 1 7 5 31 13 117 171 257 861 1115 1869 2671 0 0 
1 1 3 11 23 31 113 225 91 77 303 785 8003 0 0 
1 1 7 5 21 43 29 139 53 471 523 3405 6017 0 0 
1 1 1 15 21 13 79 175 229 805 975 1253 6207 0 0 
1 1 3 11 1 47 3 31 327 573 319 3247 1201 0 0 
1 3 1 15 31 11 13 189 7 215 1275 3317 3169 0 0 
1 1 7 15 15 5 115 143 49 793 1435 3337 7011 0 0 
1 1 7 1 29 41 85 93 95 551 931 2559 455 0 0 
1 1 7 13 19 15 59 159 211 887 21 1563 6827 0 0 
1 1 5 5 15 35 111 73 45 409 619 1705 4059 0 0 
1 1 7 13 7 33 63 15 53 67 827 3707 3715 0 0 
1 1 7 11 21 63 31 223 15 653 403 2223 5723 0 0 
1 1 7 9 19 63 39 155 257 225 1313 3061 1311 0 0 
1 1 7 13 1 59 77 85 173 147 1019 3443 729 0 0 
1 3 7 3 15 45 19 81 483 53 1489 3131 4657 0 0 
1 1 5 15 21 27 83 107 219 1011 1229 2997 1011 0 0 
1 1 1 9 27 27 61 253 157 171 1441 3173 187 0 0 
1 3 3 1 3 51 33 237 11 617 1555 1375 7877 0 0 
1 1 7 7 31 39 79 35 459 661 1739 3485 4699 0 0 
1 1 7 3 23 15 31 205 17 209 1803 2255 6369 0 0 
1 1 3 9 9 15 109 111 3 667 1421 2717 7761 0 0 
1 1 7 11 9 55 39 183 501 993 1403 3141 8159 0 0 
1 1 3 15 5 31 103 193 7 991 1261 2729 4077 0 0 
1 1 5 3 19 35 73 167 119 667 207 685 45 0 0 
1 1 7 1 23 63 41 167 379 55 121 2001 5879 0 0 
1 1 5 7 3 19 109 61 37 63 1777 3461 7769 0 0 
1 1 7 15 7 51 105 231 433 683 1425 2271 4867 0 0 
1 1 1 7 29 11 97 111 307 169 1325 223 3937 0 0 
1 1 7 15 1 43 41 15 125 137 1089 3633 4221 0 0 
1 3 7 13 1 47 89 57 329 379 1705 2995 7601 0 0 
1 1 7 3 17 11 81 117 437 337 1321 135 2587 0 0 
1 1 3 15 29 35 33 63 355 289 75 2845 3595 0 0 
1 1 3 3 15 15 85 41 499 681 435 555 4775 0 0 
1 1 5 3 31 1 31 55 61 535 1773 3677 5785 0 0 
1 3 7 13 11 31 81 83 213 51 435 2927 4035 0 0 
1 1 3 15 25 51 85 233 235 105 883 3061 6261 0 0 
1 3 3 7 21 23 69 89 201 801 915 529 1321 0 0 
1 1 3 7 31 7 63 103 177 269 1607 275 961 0 0 
1 3 1 1 9 49 107 21 25 767 747 619 7381 0 0 
1 1 5 9 3 17 71 247 433 943 703 5 6153 0 0 
1 3 7 11 29 47 121 13 17 953 1759 1995 1457 0 0 
1 1 5 1 19 47 39 23 21 37 235 4033 4695 0 0 
1 1 7 9 3 43 77 17 129 177 307 3125 6973 0 0 
1 3 1 3 27 51 15 67 387 95 769 483 423 0 0 
1 3 1 7 9 15 115 79 265 197 417 2967 4273 0 0 
1 1 1 3 31 59 111 25 289 939 911 437 4351 0 0 
1 3 7 15 1 51 95 89 203 471 275 3391 4431 0 0 
1 3 1 15 1 9 115 51 129 115 1881 3539 6921 0 0 
1 1 5 3 7 27 13 135 363 607 1327 2005 2109 0 0 
1 3 5 7 27 19 113 41 51 645 1365 3525 2493 0 0 
1 1 5 13 23 43 33 93 119 971 175 2235 7883 0 0 
1 1 7 3 3 45 63 41 185 483 1535 819 3931 0 0 
1 1 7 7 31 19 25 25 443 93 931 221 5113 0 0 
1 1 3 11 23 25 105 115 403 51 1929 983 7033 0 0 
1 3 5 13 19 13 65 31 105 859 427 1617 6607 0 0 
1 3 3 15 17 29 125 33 337 559 1249 2935 4647 0 0 
1 1 3 9 7 29 59 5 3 969 571 67 6881 0 0 
1 1 7 15 5 61 127 139 29 475 2023 3845 4705 0 0 
1 1 1 13 29 27 109 21 199 313 2003 2987 5409 0 0 
1 1 7 15 15 61 57 65 343 905 1561 941 4871 0 0 
1 3 1 1 17 57 101 159 239 387 1525 2679 5565 0 0 
1 1 5 1 19 57 111 241 409 315 1645 779 4307 0 0 
1 1 3 15 5 5 83 145 407 45 325 2595 6271 0 0 
1 3 3 5 9 25 49 141 455 759 1457 3915 5765 0 0 
1 3 5 11 23 15 43 79 93 541 455 2593 7039 0 0 
1 1 3 3 11 59 69 97 409 567 483 3577 2381 0 0 
1 1 5 3 15 35 101 157 303 699 1813 2399 2921 0 0 
1 3 5 5 11 63 127 25 223 245 175 1797 669 0 0 
1 1 3 15 21 41 15 87 413 793 847 3923 3691 0 0 
1 3 7 11 21 27 87 145 117 507 241 191 2965 0 0 
1 1 7 13 7 49 79 155 9 225 537 1005 3741 0 0 
1 1 7 5 21 59 99 23 295 87 661 2983 2937 0 0 
1 3 7 5 23 21 85 239 227 809 479 729 4239 0 0 
1 1 3 5 21 63 91 25 197 793 1083 693 5741 0 0 
1 3 3 5 29 47 97 183 233 639 813 425 7621 0 0 
1 3 7 9 23 51 43 201 221 559 185 999 283 0 0 
1 1 5 9 17 53 37 221 461 987 453 2347 4725 0 0 
1 1 1 9 31 33 75 53 201 371 1453 2001 7225 0 0 
1 3 1 3 9 53 25 57 371 929 1723 1361 7481 0 0 
1 1 5 9 31 23 17 57 403 919 707 3199 6959 0 0 
1 1 3 11 3 43 43 189 21 921 1689 403 1977 0 0 
1 3 1 9 9 3 49 177 365 87 907 233 3761 0 0 
1 1 7 11 31 1 103 211 175 521 725 3105 4375 0 0 
1 1 3 7 31 47 71 29 365 985 583 2511 6203 0 0 
1 3 3 13 31 11 51 153 111 685 1587 3081 4597 0 0 
1 3 3 15 31 11 9 89 261 427 653 887 2837 0 0 
1 3 5 3 11 41 119 53 17 157 145 2795 7223 0 0 
1 3 7 1 5 9 25 157 95 483 1523 285 1969 0 0 
1 1 7 15 29 15 105 217 51 879 539 1501 1455 0 0 
1 1 1 3 9 53 47 223 237 235 1451 3645 241 0 0 
1 1 5 11 13 19 57 117 127 805 1843 289 7857 0 0 
1 3 1 9 27 51 107 183 359 463 907 1189 4409 0 0 
1 1 5 5 19 37 63 245 111 179 231 4089 3315 0 0 
1 1 7 5 13 27 91 97 67 671 1033 2001 2513 0 0 
1 1 5 3 15 11 79 47 469 137 477 233 7167 0 0 
1 3 1 1 19 31 115 157 257 235 1803 3551 315 0 0 
1 3 1 5 31 9 65 233 83 225 867 387 4517 0 0 
1 3 1 13 21 49 35 111 43 451 635 3069 2227 0 0 
1 1 5 1 15 61 31 25 371 383 13 673 621 0 0 
1 3 1 3 5 63 7 139 211 689 21 3669 1001 0 0 
1 1 7 5 7 15 121 95 361 525 1217 2967 4001 0 0 
1 1 1 5 3 23 13 175 283 269 1995 375 3789 0 0 
1 3 5 3 19 55 121 193 411 569 1539 253 3367 0 0 
1 1 5 7 13 47 7 29 455 941 1983 1985 3953 0 0 
1 3 1 15 31 47 33 169 191 537 1891 525 7887 0 0 
1 3 1 11 1 29 47 103 331 941 791 2433 1609 0 0 
1 1 7 11 9 47 27 109 119 989 239 3385 3011 0 0 
1 1 5 7 1 35 75 185 351 805 61 3333 5577 0 0 
1 1 5 13 17 35 31 167 337 631 1445 2693 6031 0 0 
1 1 5 5 7 35 35 65 255 59 1217 2467 5215 0 0 
1 3 3 5 17 35 5 23 347 663 855 2295 431 0 0 
1 3 1 9 9 27 39 41 139 337 539 2913 8077 0 0 
1 1 5 13 29 63 27 19 315 967 237 529 5479 0 0 
1 3 3 3 17 53 29 115 11 831 651 2711 3649 0 0 
1 1 3 13 17 57 13 215 207 225 249 2271 4529 0 0 
1 1 7 11 23 17 109 161 225 581 981 1871 3167 0 0 
1 1 7 15 1 19 63 45 341 521 1111 3817 7301 0 0 
1 3 3 1 17 21 61 189 251 281 1021 1547 3189 0 0 
1 3 1 5 11 49 79 209 13 581 1289 2515 691 0 0 
1 1 3 1 3 15 59 235 61 655 681 3655 2623 0 0 
1 1 5 9 27 7 47 109 501 251 181 103 6701 0 0 
1 1 3 7 11 53 43 187 281 187 1069 773 6137 0 0 
1 1 5 15 17 55 43 41 181 755 861 2363 6857 0 0 
1 3 5 3 25 57 9 167 403 331 1625 2935 3139 0 0 
1 1 7 9 23 9 39 53 277 937 1955 3849 2377 0 0 
1 3 7 11 5 5 7 177 97 569 917 3323 3297 0 0 
1 1 1 5 9 63 13 235 503 797 1755 2157 4697 0 0 
1 1 3 13 15 31 75 55 277 469 285 853 1673 0 0 
1 3 1 9 29 11 123 19 65 783 965 4041 6193 0 0 
1 3 7 1 13 29 25 195 107 899 1767 655 3779 0 0 
1 3 7 1 17 3 101 23 373 569 1195 949 395 0 0 
1 3 3 5 23 55 55 125 311 675 611 4019 5259 0 0 
1 3 1 9 13 3 119 57 43 617 1059 2979 3917 0 0 
1 3 7 5 23 35 119 97 251 859 1279 1947 215 0 0 
1 1 5 5 31 35 117 39 253 1013 1029 3293 7767 0 0 
1 3 1 5 1 21 23 123 157 375 833 3659 2475 0 0 
1 1 1 15 25 59 81 37 451 693 1413 995 3457 0 0 
1 3 3 3 21 59 29 53 305 115 1353 1559 7381 0 0 
1 3 5 5 29 59 73 15 343 371 47 4051 6507 0 0 
1 3 7 7 17 15 59 111 307 615 83 3539 2923 0 0 
1 1 3 5 27 57 101 251 335 933 1847 2629 5599 0 0 
1 3 3 9 7 49 91 127 123 631 847 1525 3333 0 0 
1 1 5 7 11 15 17 221 375 217 1659 377 2575 0 0 
1 1 7 7 13 63 45 139 1 765 45 2751 5509 0 0 
1 3 1 9 5 51 81 171 99 969 547 3413 1425 0 0 
1 1 3 7 29 5 99 11 401 279 1821 275 1067 0 0 
1 1 3 11 31 13 97 111 471 429 889 1215 7457 0 0 
1 1 5 11 17 43 119 125 239 623 1277 1087 1017 0 0 
1 3 7 3 15 49 57 99 121 831 2001 3267 3867 0 0 
1 1 3 7 21 41 61 75 233 457 569 1453 3797 0 0 
1 3 7 1 21 27 123 83 195 997 1013 3013 1849 0 0 
1 1 5 7 9 45 107 143 205 97 1429 3433 1001 0 0 
1 3 1 5 15 33 67 163 283 189 1701 3813 5063 0 0 
1 1 3 7 9 9 111 231 75 59 1723 2879 7471 0 0 
1 3 3 3 13 29 93 9 63 225 475 2665 4699 0 0 
1 3 3 7 29 41 113 89 39 187 1403 1019 5961 0 0 
1 1 5 13 3 47 99 137 121 309 1359 2481 3819 0 0 
1 3 1 15 19 35 81 189 159 285 329 1119 1067 0 0 
1 3 1 7 27 39 121 81 307 227 967 3601 8099 0 0 
1 3 1 7 23 15 3 49 373 291 1545 413 2245 0 0 
1 3 3 1 5 57 61 203 199 687 529 3967 749 0 0 
1 1 1 9 29 19 119 185 509 975 413 1051 5829 0 0 
1 3 3 7 25 47 79 215 257 635 539 3235 3085 0 0 
1 1 7 7 11 59 87 69 109 131 639 1335 3067 0 0 
1 1 7 11 1 35 21 9 41 1019 1249 2821 455 0 0 
1 3 7 7 23 19 109 217 125 717 1561 2221 1135 0 0 
1 1 5 13 31 23 5 237 107 719 763 1853 397 0 0 
1 1 7 15 15 41 41 223 453 625 201 2787 7399 0 0 
1 3 1 7 13 43 121 187 99 695 1669 2295 3441 0 0 
1 1 7 13 17 1 13 59 69 235 1813 967 7909 0 0 
1 3 1 7 1 3 97 173 203 785 1885 1763 5981 0 0 
1 3 1 1 27 1 87 233 17 289 1477 2887 6215 0 0 
1 3 1 15 5 29 121 177 13 85 1199 189 5955 0 0 
1 1 7 7 27 43 115 11 151 625 167 1659 685 0 0 
1 1 7 1 5 45 69 97 361 11 603 2489 4891 0 0 
1 3 5 1 13 55 81 75 129 131 1307 447 6763 0 0 
1 3 1 5 23 19 63 187 171 719 955 141 6007 0 0 
1 1 3 11 27 15 123 217 335 787 601 561 7849 0 0 
1 1 7 3 1 7 127 185 483 863 521 2919 8061 0 0 
1 1 5 3 5 37 97 197 237 429 901 2577 117 0 0 
1 1 7 13 11 19 7 91 285 227 1677 221 6991 0 0 
1 3 5 13 7 33 3 85 49 613 459 611 593 0 0 
1 3 3 7 3 55 65 207 429 489 553 1065 5193 0 0 
1 3 3 5 21 3 43 55 203 7 1579 43 3375 0 0 
1 1 3 11 27 9 61 69 45 971 207 3143 995 0 0 
1 1 1 3 25 53 31 199 507 959 1441 1793 723 0 0 
1 3 3 11 23 39 107 175 161 201 337 1189 3809 0 0 
1 3 5 9 23 61 77 57 211 553 1563 977 2987 9209 0 
1 3 5 13 23 39 77 91 365 555 1971 929 1563 3779 0 
1 3 5 13 27 9 101 251 293 431 1895 989 2815 7467 0 
1 3 7 13 9 19 13 151 87 571 1347 3259 2867 8929 0 
1 3 7 13 11 55 27 223 349 565 263 2479 7939 413 0 
1 3 7 9 11 35 11 201 81 37 1125 3753 327 7833 0 
1 3 5 1 21 7 23 201 379 625 49 1675 793 1783 0 
1 1 7 13 29 51 3 93 317 177 1213 1973 3393 8231 0 
1 3 1 13 3 27 101 107 505 403 1369 347 7845 16383 0 
1 3 7 13 27 35 93 237 9 789 709 2339 6455 3313 0 
1 3 5 7 9 31 37 95 319 187 1351 2433 4159 1971 0 
1 3 7 15 31 49 3 13 217 875 383 4009 7317 6963 0 
1 3 5 11 31 9 53 27 97 475 1573 755 7457 3729 0 
1 1 7 15 27 63 71 21 95 345 1987 2121 457 13433 0 
1 3 5 5 19 15 105 133 505 569 1849 1303 3081 3421 0 
1 3 7 11 15 55 55 249 305 651 1425 197 3357 2291 0 
1 3 5 3 13 41 45 47 19 387 309 2171 5301 12069 0 
1 3 3 7 15 41 115 163 313 821 1897 3931 1063 9327 0 
1 3 5 5 1 63 75 121 93 349 213 351 3 5277 0 
1 3 7 1 29 57 95 65 87 517 755 2081 1715 13111 0 
1 3 7 15 25 41 23 147 49 187 463 1731 6031 10735 0 
1 3 7 5 5 39 21 121 225 603 2031 1521 1467 12585 0 
1 1 7 5 31 29 21 217 189 269 1439 1607 6217 9369 0 
1 3 1 15 13 9 63 245 365 389 491 439 6837 8329 0 
1 3 7 13 15 29 65 119 261 891 927 3939 319 715 0 
1 3 5 3 3 19 103 77 211 941 229 1079 4273 13239 0 
1 3 3 7 19 61 79 101 151 933 1611 3171 6553 645 0 
1 3 5 5 19 37 21 119 305 571 819 3971 4225 4327 0 
1 3 7 9 27 11 99 123 505 241 375 2337 4353 15349 0 
1 3 5 11 9 21 71 153 463 667 531 2097 4691 15615 0 
1 3 7 9 21 13 77 93 297 559 431 589 2605 6745 0 
1 1 7 5 17 1 25 117 225 393 1437 1323 299 6375 0 
1 3 7 9 23 61 7 23 319 793 1847 683 2673 11213 0 
1 3 5 1 31 19 89 99 335 567 731 3203 8161 4009 0 
1 3 5 3 19 59 63 225 465 869 535 1563 133 9661 0 
1 3 5 11 5 19 25 171 271 881 1481 3721 3511 7777 0 
1 3 7 5 17 47 63 239 159 397 1339 999 521 6615 0 
1 3 3 9 7 29 67 119 31 873 529 1155 8137 11417 0 
1 3 5 9 1 49 97 31 183 195 1511 3063 5813 16015 0 
1 3 7 7 27 55 117 9 311 909 1449 341 6121 14631 0 
1 1 3 11 25 19 117 27 155 779 789 2137 5539 12911 0 
1 3 1 15 3 7 3 191 189 455 1017 3837 6343 8115 0 
1 3 7 13 31 37 49 41 333 341 1191 2917 5505 3863 0 
1 3 5 11 31 57 93 21 403 505 219 1625 1483 16339 0 
1 3 5 3 19 17 51 79 409 587 1621 569 1467 14895 0 
1 3 5 15 21 13 37 47 413 397 1565 2985 3641 6799 0 
1 3 7 15 5 35 83 227 325 243 821 537 7417 16365 0 
1 3 5 15 1 49 99 249 267 365 1903 153 2279 2591 0 
1 3 7 15 11 37 99 173 487 879 1687 1157 7143 3289 0 
1 3 7 9 9 7 117 107 349 583 235 1717 75 3671 0 
1 1 3 7 13 51 35 217 149 627 805 2495 1597 7777 0 
1 3 3 7 3 45 35 155 375 301 973 1349 3071 5483 0 
1 3 5 9 27 59 9 11 197 303 1019 3675 1775 3741 0 
1 3 7 13 7 37 117 55 487 203 1347 2383 4565 10145 0 
1 3 1 13 5 19 119 225 359 433 1459 3857 1215 5667 0 
1 3 7 7 19 21 71 99 309 163 879 3647 4389 4171 0 
1 3 7 13 21 5 9 101 373 69 1521 3809 2385 6447 0 
1 3 5 3 11 1 117 219 353 9 1419 3535 6031 13905 0 
1 3 5 1 11 41 85 193 141 225 1149 1525 3543 9921 0 
1 1 5 3 29 43 21 157 213 269 871 2411 4247 8929 0 
1 3 5 7 13 55 57 169 505 179 445 409 6927 9683 0 
1 3 3 13 27 47 21 255 361 577 355 1961 2841 10401 0 
1 3 7 11 29 37 97 117 89 491 1675 4081 3871 1013 0 
1 3 1 11 25 45 117 61 167 741 1947 2905 6403 1673 0 
1 3 7 15 25 59 33 55 227 471 1629 1967 4943 7851 0 
1 3 5 13 15 51 91 27 277 553 319 1925 2221 1481 0 
1 3 7 3 7 61 89 15 247 847 1607 1269 3221 1497 0 
1 3 7 13 17 17 101 7 479 525 1563 3115 2767 5143 0 
1 1 3 5 27 25 57 91 475 283 193 1785 2495 3417 0 
1 3 7 1 13 3 29 219 421 537 1579 909 8135 10121 0 
1 3 3 7 27 35 7 27 391 85 1349 613 7197 5277 0 
1 3 5 15 11 13 39 73 133 115 1217 177 7649 4627 0 
1 3 1 15 31 63 27 101 191 423 207 453 6191 9415 0 
1 3 5 11 29 63 121 203 285 789 1215 2391 7665 1303 0 
1 3 7 5 25 39 7 133 225 43 329 1307 1981 13939 0 
1 3 5 15 19 47 19 179 95 969 289 3515 649 8195 0 
1 3 5 13 3 33 31 119 173 713 243 2189 7575 14879 0 
1 1 3 11 23 51 71 69 125 721 735 731 1473 11067 0 
1 3 7 13 11 63 5 205 219 709 659 2219 6097 15157 0 
1 3 7 9 17 47 81 105 343 797 1197 59 3667 5989 0 
1 3 5 1 27 19 97 233 167 653 1477 35 2839 12897 0 
1 3 7 15 7 3 49 149 463 473 1879 1975 4889 8751 0 
1 3 7 9 1 59 15 161 227 203 359 1807 7117 4397 0 
1 3 5 9 23 13 31 81 491 47 1945 1329 6595 4951 0 
1 3 7 13 13 1 71 37 343 487 49 3913 6979 10503 0 
1 3 1 13 27 7 59 217 173 977 729 3151 6093 5905 0 
1 3 5 5 15 33 89 177 493 595 1705 3913 449 14251 0 
1 3 7 9 11 35 115 205 489 273 491 3057 6341 14477 0 
1 1 5 9 29 5 77 247 359 43 523 845 7949 10063 0 
1 3 3 9 17 51 101 85 171 1013 1647 3527 3605 9347 0 
1 3 5 13 17 45 125 151 335 121 1953 781 1833 6195 0 
1 3 5 1 13 49 113 217 215 953 1211 1949 5451 8419 0 
1 3 7 11 29 19 119 33 71 661 1963 3453 6447 7671 0 
1 3 5 3 21 49 85 105 457 211 1719 2469 1471 7367 0 
1 3 5 13 13 35 17 177 349 427 1881 3941 6539 5017 0 
1 3 7 11 21 43 123 35 145 199 1849 1597 1397 1453 0 
1 3 1 13 9 11 89 81 241 1021 269 1285 4925 9657 0 
1 1 5 7 25 55 33 157 361 785 903 2653 1007 2025 0 
1 3 3 7 19 11 119 143 329 787 827 3709 3309 3237 0 
1 3 7 11 17 21 73 41 13 27 1571 1387 1533 15373 0 
1 3 5 9 27 33 117 103 85 447 1309 1743 2335 9437 0 
1 3 5 13 27 25 99 237 509 635 147 3847 1293 5775 0 
1 3 7 7 15 9 105 147 313 123 1459 397 2695 467 0 
1 3 5 11 7 33 73 1 277 161 407 335 4749 10827 0 
1 3 5 15 5 63 23 67 481 869 1621 3707 1127 10119 0 
1 3 7 15 27 25 61 13 375 551 1515 3109 4167 1799 0 
1 3 7 9 3 47 29 37 445 935 1723 3113 5147 6825 0 
1 1 7 9 29 43 59 29 421 741 1265 771 241 753 0 
1 3 5 11 21 11 109 35 379 313 1129 1945 4323 14271 0 
1 3 5 11 19 9 35 119 167 923 1387 3665 3845 3317 0 
1 3 7 3 13 13 77 99 293 399 1601 339 1187 2459 0 
1 3 3 13 9 27 41 33 337 623 103 2663 2387 8543 0 
1 3 1 7 19 37 83 37 443 797 395 3795 1837 15615 0 
1 3 5 5 5 53 47 109 45 65 1483 743 7821 175 0 
1 3 7 15 15 21 95 173 9 179 1279 1369 1489 8801 0 
1 3 5 9 23 55 107 217 179 939 545 919 4199 15661 0 
1 3 7 15 5 59 25 41 99 609 1137 2051 2755 14337 0 
1 3 7 11 19 39 115 87 447 311 561 1827 475 9713 0 
1 3 7 1 21 25 51 65 101 487 291 1811 5941 9155 0 
1 1 7 15 5 63 7 135 407 521 1139 1473 4573 2607 0 
1 3 7 9 17 55 27 173 47 843 2001 1283 7713 10399 0 
1 3 5 15 23 43 105 193 299 625 1461 3901 1645 2313 0 
1 3 1 15 21 47 121 159 157 803 695 1483 2015 10079 0 
1 3 3 7 5 61 101 215 89 679 775 1377 4841 9967 0 
1 3 5 9 27 41 43 185 303 435 195 3797 4017 15643 0 
1 3 7 5 19 23 61 11 287 795 697 589 4025 1165 0 
1 3 7 3 25 51 21 147 329 283 1979 3829 2085 9859 0 
1 3 5 13 7 41 119 151 15 389 491 2463 5541 14175 0 
1 3 5 15 9 39 17 155 63 309 257 935 2727 13089 0 
1 3 7 7 1 9 97 19 17 285 55 2709 1153 7631 0 
1 3 7 13 23 37 33 183 171 277 191 1891 5537 13699 0 
1 1 7 3 15 17 61 155 225 441 287 1179 6407 1075 0 
1 3 3 9 23 53 83 195 39 487 1023 261 7799 4333 0 
1 3 1 13 5 61 109 35 87 881 9 3293 533 14215 0 
1 3 7 15 29 3 97 45 319 219 1925 1639 289 3289 0 
1 3 7 5 21 15 43 217 149 169 775 695 2647 1237 0 
1 3 5 3 25 49 25 103 371 927 841 1283 2439 4129 0 
1 3 5 11 29 53 43 213 183 591 2023 3381 2383 15887 0 
1 3 7 1 7 19 89 151 213 733 361 2781 1433 6747 0 
1 3 5 11 29 15 113 251 489 901 1309 3607 6267 15331 0 
1 1 5 11 11 31 25 209 33 655 1139 1375 3065 10077 0 
1 3 3 13 7 31 69 181 221 147 609 2169 2095 11549 0 
1 3 5 15 7 43 35 67 315 649 1973 3429 5645 4987 0 
1 3 7 5 17 59 73 183 131 17 2037 1309 3383 8323 0 
1 3 1 5 17 61 31 35 473 591 115 3327 2483 1487 0 
1 1 5 11 23 21 23 207 29 751 35 2681 6577 9173 0 
1 3 5 15 23 47 105 69 305 813 1015 167 5181 3609 0 
1 3 5 13 25 41 1 35 407 867 1855 3687 1813 16225 0 
1 3 7 3 29 13 3 73 123 855 673 2899 5661 6573 0 
1 3 7 1 7 47 17 9 317 927 473 3483 1117 7411 0 
1 3 5 13 23 61 5 121 259 899 1295 2309 2865 10285 0 
1 3 7 15 21 35 111 173 325 587 911 983 6507 337 0 
1 3 3 13 7 35 17 177 319 619 1483 659 1821 7043 0 
1 3 5 13 21 49 107 55 315 597 1355 731 7103 2653 0 
1 3 1 13 11 29 37 185 199 791 35 1595 1111 13077 0 
1 3 7 11 21 43 33 151 311 107 1715 3939 3525 5885 0 
1 1 3 5 1 57 53 119 305 985 141 13 5609 9751 0 
1 3 7 9 17 31 11 229 103 947 1865 3843 3197 3337 0 
1 3 5 3 5 19 11 209 245 275 331 475 6201 2407 0 
1 3 5 15 25 17 19 21 471 815 893 2569 2889 10939 0 
1 3 5 15 21 3 1 17 37 657 241 3181 1235 16267 0 
1 3 7 11 11 47 41 225 459 311 853 3493 6001 7789 0 
1 3 5 13 21 51 59 237 47 849 571 1689 6857 7875 0 
1 3 7 9 15 37 79 223 39 239 815 147 5195 10295 0 
1 3 3 7 19 63 55 135 447 73 1061 2921 4233 9635 0 
1 3 5 7 11 49 117 43 445 177 181 3511 7303 12653 0 
1 1 7 3 17 33 7 137 507 493 497 609 525 15789 0 
1 3 5 5 9 7 117 243 47 701 865 1801 2965 11913 0 
1 3 7 3 27 59 93 67 311 315 1197 3121 469 8729 0 
1 3 5 15 31 37 3 253 119 905 1925 3643 2681 2781 0 
1 3 7 9 1 41 99 41 303 57 1507 2289 3305 14881 0 
1 3 5 9 13 1 85 213 369 919 493 1401 7293 14851 0 
1 3 5 11 3 55 91 61 319 825 325 3239 7905 16373 0 
1 3 7 11 19 51 105 31 423 635 31 1247 2939 5253 0 
1 3 5 7 13 61 109 181 451 353 731 3389 1371 14009 0 
1 3 7 11 23 45 105 95 491 683 175 3735 5783 6077 0 
1 1 5 11 13 21 95 165 387 1005 515 3481 2039 7643 0 
1 3 7 9 29 43 111 229 117 835 1919 2323 5337 14433 0 
1 3 3 3 5 29 69 77 285 801 171 4053 6239 3511 0 
1 3 1 5 15 53 51 35 199 789 411 2347 2901 15737 0 
1 3 7 9 1 13 45 141 157 905 2027 3067 2597 7649 0 
1 3 5 1 29 37 89 245 421 409 1971 3115 5375 8155 0 
1 3 7 7 9 17 19 177 253 899 2003 2885 1763 14037 0 
1 3 7 5 17 39 17 55 371 571 1447 1593 5791 3295 0 
1 3 7 15 29 37 127 199 427 1003 641 2617 4243 5761 0 
1 1 3 5 7 9 23 77 275 585 927 3081 4923 5173 0 
1 3 7 9 11 63 89 193 77 661 1447 529 2513 11123 0 
1 3 5 9 21 27 53 253 127 339 1739 2877 1825 9207 0 
1 3 1 11 25 49 1 107 97 817 1451 1615 1665 3831 0 
1 3 7 9 1 45 31 227 211 1013 1875 2347 4073 6785 0 
1 3 7 1 13 33 47 211 89 561 1711 3511 173 1103 0 
1 3 3 11 23 31 71 255 97 281 743 3359 8087 9385 0 
1 3 5 5 29 59 39 183 227 81 1655 3353 3645 8475 0 
1 3 5 7 19 55 103 133 493 81 1557 3077 3287 441 0 
1 1 5 11 5 9 11 105 25 943 303 3367 6161 15319 0 
1 3 7 3 25 53 59 23 117 689 1757 1619 4179 2431 0 
1 3 7 13 29 3 103 215 191 847 897 963 1815 11581 0 
1 3 5 13 3 41 3 213 119 461 937 3909 5543 10459 0 
1 3 7 15 27 31 101 147 399 829 407 2589 2327 13753 0 
1 3 7 1 13 59 9 113 319 585 275 685 6173 10115 0 
1 3 3 9 5 21 111 51 419 351 1053 971 673 3143 0 
1 3 5 13 31 39 95 129 501 13 267 2717 709 12557 0 
1 3 7 13 29 17 49 77 219 887 127 3123 4079 6267 0 
1 3 7 5 27 1 11 123 199 113 1281 327 1763 4617 0 
1 3 1 13 19 13 49 37 347 993 489 2091 7999 7665 0 
1 3 7 11 11 5 117 159 37 579 649 597 4323 11219 0 
1 3 7 7 23 49 11 65 453 695 1253 3133 8053 10295 0 
1 3 5 13 15 27 13 89 441 713 259 437 1465 11719 0 
1 1 3 5 23 29 71 63 143 687 499 2927 6925 4893 0 
1 3 7 3 21 57 13 183 237 539 205 4055 4659 6855 0 
1 3 3 13 31 55 3 101 307 103 1019 3487 95 12989 0 
1 3 5 1 3 23 43 5 83 417 1937 2793 4813 947 0 
1 3 5 13 17 47 45 39 477 369 323 27 2135 6775 0 
1 3 1 15 17 25 45 185 393 383 1929 613 653 6101 0 
1 3 7 5 27 43 27 93 157 613 1243 2381 6741 8563 0 
1 3 7 13 25 35 99 159 81 571 231 2999 7203 6283 0 
1 3 7 9 29 31 37 213 321 57 1467 1895 3183 10815 0 
1 3 7 11 21 5 83 173 319 647 757 2701 6083 11615 0 
1 1 5 7 25 3 65 155 155 299 1995 2207 629 14911 0 
1 3 3 15 7 57 107 223 427 1015 1423 2373 4671 3803 0 
1 3 5 3 5 29 117 125 35 137 1379 3881 4925 4861 0 
1 3 5 5 15 57 11 69 357 69 1215 3695 3475 9195 0 
1 3 1 11 19 45 65 217 363 709 1273 3489 3705 5385 0 
1 3 5 13 23 37 83 3 391 569 1669 2261 6889 9071 0 
1 3 5 7 31 59 107 253 403 659 1823 3281 1399 1145 0 
1 3 7 11 5 23 123 59 21 407 129 1791 2473 443 0 
1 3 5 13 1 39 59 91 285 179 661 1697 1829 2549 0 
1 3 5 1 9 23 95 97 79 147 1319 3789 6199 3643 0 
1 3 3 13 27 37 11 201 43 1015 1587 969 6039 2539 0 
1 3 7 13 15 63 25 83 135 745 1801 1553 5425 7863 0 
1 1 7 5 29 55 101 253 327 481 941 1085 6563 5215 0 
1 3 1 15 13 63 5 11 501 533 639 481 5241 3773 0 
1 3 7 15 25 23 47 63 67 459 915 3499 8183 7279 0 
1 3 7 7 27 11 79 15 281 769 1153 3011 499 11933 0 
1 3 7 11 11 19 29 173 213 735 413 3553 2161 13531 0 
1 3 5 15 19 59 111 85 473 35 285 3125 7373 13207 0 
1 3 5 15 5 27 99 199 373 805 391 2205 2155 5045 0 
1 3 7 13 27 33 55 59 445 449 1321 2513 1967 13815 0 
1 3 3 11 31 43 15 133 441 255 505 1121 1833 11239 0 
1 1 3 5 13 11 45 57 169 163 1897 69 619 10157 0 
1 3 1 11 17 21 71 81 315 321 537 11 573 5121 0 
1 3 7 15 11 23 89 61 19 713 1113 3027 6803 2393 0 
1 3 5 5 1 5 41 1 309 965 1829 3627 1435 12849 0 
1 3 7 3 23 49 75 105 429 707 1075 1411 1189 12129 0 
1 3 5 7 9 25 73 99 255 757 683 699 3043 11723 0 
1 3 7 1 31 3 65 131 427 919 347 1403 5985 12459 0 
1 3 7 11 23 13 37 239 81 25 1409 3015 6547 6007 0 
1 3 3 13 13 53 71 173 461 191 423 3079 3415 8819 0 
1 3 7 13 25 31 53 243 11 91 1823 307 2875 15213 0 
1 1 5 15 19 49 121 165 299 1001 1437 3339 6905 7505 0 
1 3 1 11 21 59 81 55 415 1011 1867 2777 1463 6443 0 
1 3 5 13 9 57 49 157 351 541 1777 1405 6903 12611 0 
1 3 7 13 21 31 67 65 469 667 1397 755 7609 10171 0 
1 3 5 3 29 41 43 99 37 865 219 429 2739 15867 0 
1 3 7 13 31 57 11 223 23 767 147 421 1453 8835 0 
1 3 7 9 15 17 93 73 373 407 1429 3291 5679 3147 0 
1 3 3 13 11 49 37 55 279 689 1101 2485 5475 12747 0 
1 3 5 9 15 13 27 61 303 645 39 3655 6535 8553 0 
1 3 7 7 21 11 69 19 137 61 357 3663 7577 12363 0 
1 3 7 9 7 7 55 185 207 247 637 1255 6555 10201 0 
1 1 5 13 23 27 85 17 127 483 1513 3143 6927 7757 0 
1 3 7 15 27 3 69 93 431 567 545 125 7935 7841 0 
1 3 3 3 27 7 75 203 311 761 755 745 2165 11613 0 
1 3 7 1 3 29 93 167 55 709 243 3619 51 5385 0 
1 3 1 7 29 49 91 167 287 855 1765 3167 5189 8199 0 
1 3 7 9 17 53 117 53 83 825 669 281 2925 2031 0 
1 3 5 13 1 33 65 167 31 423 1187 3817 7813 4047 0 
1 3 7 11 5 25 71 79 461 755 1021 1195 4849 4245 0 
1 3 7 11 29 25 123 53 367 951 1111 51 5905 16107 0 
1 1 7 9 17 63 119 15 299 501 83 3001 4081 10093 0 
1 3 5 7 17 61 77 123 477 671 591 2725 3835 739 0 
1 3 5 5 13 15 87 79 149 971 1061 2835 6467 10895 0 
1 3 3 7 17 51 43 55 301 129 967 3737 1399 7293 0 
1 3 7 11 27 37 29 103 457 507 199 1973 6755 9287 0 
1 3 1 5 9 45 57 99 467 799 623 461 2879 547 0 
1 3 5 1 17 57 27 17 403 523 1963 2671 23 8125 0 
1 3 5 9 7 55 89 65 433 455 1793 2219 7907 25 0 
1 3 7 11 25 29 59 205 367 275 1563 877 3735 7367 0 
1 1 5 7 15 53 65 185 353 25 1741 793 387 16383 0 
1 3 5 3 23 47 81 41 313 309 49 3621 8097 9467 0 
1 3 5 13 21 49 71 75 329 153 1113 2235 2579 4489 0 
1 3 5 11 25 49 107 247 379 145 169 1969 4805 6409 0 
1 1 3 7 9 43 71 99 261 607 1809 3927 4669 15787 0 
1 3 3 13 7 17 95 51 393 433 609 3185 655 3527 0 
1 3 5 5 23 61 91 143 285 639 1573 1461 7335 13293 0 
1 3 7 11 5 19 69 215 239 125 175 317 589 5937 0 
1 3 7 15 7 25 43 203 451 649 743 863 2981 2063 0 
1 3 1 9 17 3 93 193 123 347 1123 979 3775 12345 0 
1 3 7 15 31 37 55 101 91 529 631 1713 911 2503 0 
1 3 5 15 23 21 59 239 337 313 199 3333 2795 1133 0 
1 3 5 11 9 31 123 67 81 357 1897 3181 7195 10249 0 
1 1 5 7 19 25 91 41 251 843 197 4031 519 9431 0 
1 3 3 9 9 11 97 159 33 205 489 2013 6001 8759 0 
1 3 5 7 27 21 83 59 63 595 1667 3147 1417 1929 0 
1 3 5 9 29 63 83 47 331 81 543 249 2121 10583 0 
1 3 5 5 31 5 79 55 93 403 933 1957 5915 6057 0 
1 3 5 9 25 51 127 5 379 139 1451 773 8025 3305 0 
1 3 5 11 15 57 101 115 235 599 965 515 2213 1905 0 
1 3 7 1 27 29 115 15 109 381 123 997 2535 6013 0 
1 3 5 11 27 41 91 227 261 903 325 803 3821 2733 0 
1 1 5 11 1 35 99 45 249 481 805 2161 5667 1169 0 
1 3 5 13 17 57 87 57 117 733 1665 2337 343 7961 0 
1 3 5 13 21 55 69 231 81 201 1649 2757 6421 5453 0 
1 3 1 3 31 23 95 41 65 541 2009 3147 4387 2219 0 
1 3 3 11 31 45 127 47 89 419 165 3389 3915 3967 0 
1 3 5 15 5 5 127 201 29 929 333 625 5639 857 0 
1 3 5 11 21 13 43 117 21 5 1859 2443 7081 14505 0 
1 3 5 15 29 13 97 253 345 523 645 2739 2087 10843 0 
1 3 7 1 23 27 41 99 179 427 1221 953 6127 1833 0 
1 1 7 11 11 53 95 91 33 279 1867 4087 3237 5369 0 
1 3 7 7 3 61 109 221 501 973 1369 723 1341 5843 0 
1 3 7 15 31 45 37 121 471 705 645 895 149 13311 0 
1 3 7 9 21 41 105 193 23 247 263 1739 1387 11247 0 
1 3 7 3 9 17 1 47 445 559 1717 53 5325 87 0 
1 3 1 9 15 35 29 211 247 731 991 4083 2059 14245 0 
1 3 7 15 21 13 65 145 441 963 743 3123 4193 281 0 
1 3 3 15 19 7 77 217 35 713 1853 525 1389 1947 0 
1 3 5 11 1 59 67 213 113 677 1505 4051 5847 14675 0 
1 3 7 11 25 43 11 233 433 897 639 791 6547 3007 0 
1 3 5 1 19 59 125 35 147 725 249 1597 7611 13667 0 
1 1 3 5 17 59 9 153 197 933 1119 1823 5937 6619 0 
1 3 7 9 11 43 101 37 121 339 1713 1697 5041 8541 0 
1 3 7 13 5 29 123 193 25 533 2027 1139 6557 15907 0 
1 3 5 3 31 33 65 85 303 243 739 3077 4907 14427 0 
1 3 1 9 25 5 91 171 385 45 1333 1135 7235 7297 0 
1 3 3 9 15 1 71 87 231 969 17 259 2185 13005 0 
1 3 5 11 19 33 97 131 453 141 1771 279 3689 2545 0 
1 3 5 9 3 15 109 253 183 909 725 935 6699 15215 0 
1 3 5 9 1 33 15 191 113 179 699 171 5709 14647 0 
1 1 5 5 19 23 29 19 31 479 1989 2231 475 5211 0 
1 3 7 15 17 19 81 209 273 571 655 1987 6673 14141 0 
1 3 5 11 17 33 59 89 495 1003 99 1469 4189 5525 0 
1 3 5 13 7 61 89 193 127 927 303 1171 2591 3899 0 
1 3 7 9 31 35 13 29 275 437 1327 1311 2537 13055 0 
1 3 5 15 29 39 73 155 139 463 1679 551 8179 15631 0 
1 3 7 15 31 35 63 9 81 553 403 2593 565 15517 0 
1 3 1 9 17 53 89 63 147 187 415 2063 4687 2163 0 
1 3 5 9 13 53 5 171 469 415 307 3241 5901 6111 0 
1 3 7 9 29 31 113 57 197 271 1093 3945 4209 587 0 
1 3 3 9 11 43 9 31 337 579 1855 1873 2971 7417 0 
1 1 5 9 7 31 23 127 457 325 849 1383 2151 13709 0 
1 3 5 9 23 17 91 19 379 933 1099 1647 741 3945 0 
1 3 5 15 5 7 125 219 167 165 2017 3233 5285 2267 0 
1 3 7 9 21 55 113 71 131 397 1207 439 2659 11125 0 
1 3 5 5 25 59 117 97 411 707 1599 3455 4225 13585 0 
1 3 1 11 29 39 123 43 249 325 1195 761 3047 133 0 
1 3 7 1 15 43 25 95 333 67 889 4055 1899 925 0 
1 3 5 15 25 59 89 85 437 485 1937 2001 161 3651 0 
1 3 7 13 1 9 83 177 31 105 911 3395 3011 15615 0 
1 3 3 5 31 59 23 85 49 649 885 2823 3735 8029 0 
1 1 7 9 21 57 81 43 411 711 593 2723 7463 8841 0 
1 3 5 13 5 33 17 121 67 1021 1995 1841 7197 11517 0 
1 3 5 7 25 7 27 171 161 795 767 2765 471 14309 0 
1 3 7 7 3 63 57 251 9 125 299 1991 5227 15227 0 
1 3 5 9 9 45 3 75 35 261 121 1273 5587 3851 0 
1 3 7 9 13 7 5 3 261 691 551 1051 2317 16205 0 
1 3 1 7 17 37 105 217 141 705 273 2193 7577 13087 0 
1 3 5 9 27 33 125 79 37 89 1459 565 1853 9651 0 
1 3 7 13 27 33 17 147 279 15 183 2421 5581 14871 0 
1 1 3 11 7 61 91 15 19 185 633 1469 2907 11591 0 
1 3 7 1 23 29 41 11 407 811 1945 1069 3289 683 0 
1 3 7 9 5 33 99 13 215 427 75 1687 91 15899 0 
1 3 5 11 17 29 1 157 219 435 1273 3839 3167 12419 0 
1 3 3 15 7 5 61 41 25 853 287 2703 2971 13007 0 
1 3 7 11 1 33 35 29 187 835 1307 3413 6383 681 0 
1 3 5 7 17 49 45 135 463 81 33 1681 7115 4381 0 
1 3 1 5 5 63 91 223 67 581 2029 1105 4925 11931 0 
1 3 7 7 19 61 123 225 395 419 1149 3835 1727 14237 0 
1 1 5 11 15 19 27 29 57 217 245 1269 6225 3585 0 
1 3 5 1 15 5 65 139 163 821 1435 1131 4357 13611 0 
1 3 5 13 7 31 29 173 77 353 353 3147 1717 13779 0 
1 3 7 13 29 41 1 53 509 919 1341 1035 1357 2709 0 
1 3 3 13 3 5 19 207 387 473 691 3075 3655 8869 0 
1 3 7 15 1 55 31 165 163 485 219 427 4861 14565 0 
1 3 5 3 15 63 53 109 187 685 1493 123 7167 11059 0 
1 3 7 5 29 59 21 179 419 451 1737 1945 2653 3863 0 
1 3 5 11 27 23 107 193 327 63 1533 669 3391 2305 0 
1 1 5 7 29 7 37 57 391 1001 81 2963 4029 15119 0 
1 3 7 1 19 43 15 129 155 867 899 1387 663 5173 0 
1 3 1 13 13 17 83 59 51 195 1145 2819 6489 2455 0 
1 3 5 15 21 35 87 189 71 725 1683 429 6171 1901 0 
1 3 3 13 7 37 69 65 141 701 811 3519 575 14917 0 
1 3 5 9 13 59 93 99 171 895 395 413 6669 3507 0 
1 3 7 7 17 11 91 153 193 869 1895 2347 5207 3609 0 
1 3 5 3 27 43 95 205 95 5 1419 1883 1367 1987 0 
1 3 7 9 19 21 97 71 261 969 315 901 7113 11981 0 
1 3 5 7 25 5 73 219 475 379 1329 1717 1479 1183 0 
1 3 7 1 29 29 109 241 433 959 611 1809 3273 13645 0 
1 1 3 13 27 59 91 95 81 945 443 3237 5467 677 0 
1 3 1 15 19 37 107 7 309 975 913 2293 1267 14119 0 
1 3 3 15 29 35 93 197 141 743 1249 1111 3619 14313 0 
1 3 5 15 19 55 111 207 89 977 33 2793 4733 12023 0 
1 3 5 13 7 35 97 213 471 425 1525 1423 4909 8763 0 
1 3 7 3 25 59 49 153 495 955 1983 2699 2939 5457 0 
1 3 7 13 27 13 107 195 305 473 673 2549 5863 3291 0 
1 3 5 7 29 35 5 155 85 121 2037 2031 1939 11245 0 
1 3 5 13 1 1 119 189 235 421 1791 1231 3227 9981 0 
1 1 5 9 31 55 71 211 27 829 1347 745 7699 7957 0 
1 3 1 5 7 41 63 69 341 869 225 1115 5099 12415 0 
1 3 7 11 11 9 107 243 47 393 815 1799 4637 7391 0 
1 3 7 9 7 43 75 13 369 663 555 4093 629 9055 0 
1 3 5 11 13 59 51 185 367 629 1717 299 4401 11447 0 
1 3 5 5 11 33 39 37 285 845 1671 3089 7139 5251 0 
1 3 5 13 23 47 67 101 33 435 1935 3271 4447 13135 0 
1 3 7 15 27 61 51 105 15 459 1369 1529 6311 6461 0 
1 3 5 7 31 21 3 131 271 155 1487 1739 385 7029 0 
1 3 7 13 1 29 43 139 107 1007 925 3517 1787 16051 0 
1 1 5 1 21 13 99 111 403 445 1495 579 3105 5171 0 
1 3 1 9 25 43 85 181 105 375 1801 3633 2505 9499 0 
1 3 7 13 21 19 119 233 155 695 393 491 6799 14789 0 
1 3 3 15 7 19 39 83 465 843 957 1945 4625 5591 0 
1 3 5 5 25 63 105 227 471 961 1819 1797 5619 15067 0 
1 3 5 11 27 19 85 47 255 697 29 1003 7701 3491 0 
1 3 7 9 11 7 73 39 451 241 275 963 2201 8105 0 
1 3 7 11 27 41 103 127 477 765 1545 3547 6441 6343 0 
1 3 7 11 19 49 5 59 343 359 1651 2089 7567 13635 0 
1 3 7 11 5 29 67 83 479 335 927 1495 5371 4501 0 
1 3 1 15 21 31 101 73 105 43 741 2659 1571 909 0 
1 3 7 15 3 11 87 185 477 407 819 995 5543 4809 0 
1 3 3 11 31 27 47 219 255 805 1505 3131 3923 14189 0 
1 1 7 1 25 21 53 71 379 111 1889 3471 4731 7159 0 
1 3 5 13 31 33 109 89 15 159 1685 1233 7725 16081 0 
1 3 7 15 23 59 33 171 285 115 47 3531 5421 4403 0 
1 3 5 9 11 39 53 123 337 27 1887 2057 5515 12639 0 
1 3 7 11 21 61 5 5 435 375 1599 3863 571 559 0 
1 3 5 5 5 63 41 5 287 907 1211 557 15 3367 0 
1 3 7 9 19 19 115 101 227 77 1679 1475 5959 3871 0 
1 3 5 7 13 9 11 79 507 121 55 3471 6049 5185 0 
1 3 1 7 3 19 121 71 379 533 1569 3331 635 3799 0 
1 1 5 7 27 61 87 249 165 627 1969 895 7079 10357 0 
1 3 7 11 9 31 39 3 291 95 1605 985 4413 13715 0 
1 3 5 1 21 17 115 179 53 317 1945 3005 5687 15607 0 
1 3 3 5 17 1 23 9 25 441 1185 909 3723 2053 0 
1 3 5 9 31 55 41 111 391 321 1485 3473 911 15893 0 
1 3 7 9 9 39 111 13 139 133 845 3817 3355 5077 0 
1 3 5 3 13 25 15 155 51 273 1241 3081 2787 1323 0 
1 3 7 5 19 17 125 131 379 487 1029 449 6007 15887 0 
1 3 7 7 19 59 119 85 323 787 1913 3777 6981 14259 0 
1 3 1 5 29 17 91 185 171 307 1853 693 6411 901 0 
1 1 5 9 11 31 5 57 383 495 523 3421 2021 11025 0 
1 3 5 15 23 5 23 145 171 581 1373 1457 5875 5323 0 
1 3 7 1 29 13 93 147 33 331 1563 1123 417 4879 0 
1 3 3 15 29 63 127 169 443 813 619 3001 7771 7897 0 
1 3 5 15 11 57 57 207 505 405 2013 3025 6701 14405 0 
1 3 7 9 7 5 85 175 271 209 631 2057 5273 3777 0 
1 3 5 3 21 61 9 139 483 737 551 3397 2985 687 0 
1 3 7 9 9 33 85 75 41 127 27 2831 3435 13755 0 
1 3 5 11 25 51 113 97 93 727 1133 657 2899 13033 0 
1 3 1 13 15 49 83 205 405 11 259 3129 7047 3733 0 
1 1 5 15 9 45 97 37 349 533 1869 3161 6741 15397 0 
1 3 5 7 15 63 111 3 241 427 291 3465 5027 10491 0 
1 3 5 5 15 57 37 117 475 699 1783 541 4607 11563 0 
1 3 5 9 31 29 31 169 365 665 643 2579 4943 10209 0 
1 3 7 11 17 3 127 213 375 17 331 879 3191 14475 0 
1 3 7 3 1 31 111 117 5 377 1975 1563 8137 2227 0 
1 3 5 15 9 31 109 211 221 437 285 2451 3223 637 0 
1 3 3 13 27 63 111 59 327 287 1503 3453 5361 3145 0 
1 3 5 1 11 37 89 139 19 695 1833 3619 7307 5921 0 
1 1 3 15 31 49 39 183 97 669 925 2787 7887 13149 0 
1 3 7 9 29 47 89 85 491 483 1903 4059 1969 11167 0 
1 3 1 11 27 41 93 1 61 831 19 3299 4999 16317 0 
1 3 5 13 29 19 103 83 229 547 243 2083 6989 1425 0 
1 3 7 15 19 21 11 59 105 461 179 579 2821 13603 0 
1 3 7 15 23 45 21 181 307 5 1211 59 4373 7049 0 
1 3 1 5 17 59 123 185 413 399 579 1857 1421 4291 0 
1 3 7 3 9 47 119 53 189 477 591 449 4537 7919 0 
1 3 3 15 23 39 117 35 81 221 1793 2879 1757 9607 0 
1 3 7 11 9 9 11 13 277 435 1943 2781 5811 12409 0 
1 3 5 1 9 3 89 49 205 437 615 2239 5499 1175 0 
1 1 7 7 13 17 33 121 103 541 933 1693 5499 5975 0 
1 3 7 11 27 47 89 53 181 1007 611 1843 1899 2695 0 
1 3 5 15 23 21 45 35 233 999 1245 3809 5103 217 0 
1 3 7 11 31 61 55 251 449 177 1349 1257 179 7065 0 
1 3 1 11 23 33 107 205 427 623 831 225 3473 9117 0 
1 3 5 13 13 51 23 209 509 313 1335 3543 1839 14337 0 
1 3 3 5 31 29 115 43 393 839 1745 2413 5095 14185 0 
1 3 5 7 31 27 61 37 173 665 1141 3219 7635 13135 0 
1 3 5 3 9 37 83 111 247 27 117 3803 2739 12935 0 
1 3 5 1 9 21 85 221 279 561 701 1535 3729 2299 0 
1 3 7 11 27 41 127 209 305 823 1719 2187 4231 6369 0 
1 1 5 13 11 19 23 127 311 77 925 1893 1625 6745 0 
1 3 7 15 5 17 11 233 53 389 1413 1779 2053 10385 0 
1 3 5 15 3 3 69 167 11 1013 1897 975 1891 16119 0 
1 3 7 9 9 57 55 207 327 665 739 2831 361 13199 0 
1 3 7 9 21 23 33 161 461 897 45 3881 5599 5089 0 
1 3 7 13 9 55 7 243 507 511 1679 2789 7119 9571 0 
1 3 3 13 11 15 7 183 101 585 1979 3777 6827 3817 0 
1 3 7 15 17 37 5 75 315 327 1461 29 1589 8175 0 
1 3 7 3 17 17 93 65 131 963 1807 1909 491 8231 0 
1 1 5 7 11 51 57 21 17 173 865 2035 549 1811 0 
1 3 7 9 15 17 111 249 323 81 749 1837 2003 4271 0 
1 3 5 9 29 59 115 177 377 663 163 3587 5899 14013 0 
1 3 1 5 13 57 65 243 117 871 1349 1491 5115 5681 0 
1 3 7 13 29 53 83 131 401 159 607 2417 2725 13715 0 
1 3 5 9 27 21 73 133 461 321 1805 5 2069 15851 0 
1 3 3 13 19 45 33 213 161 515 1853 3135 4811 1649 0 
1 3 5 5 3 39 101 155 147 353 541 3651 2761 5999 0 
1 3 5 9 29 25 63 83 259 597 1351 2877 2601 2617 0 
1 1 3 15 19 33 1 55 503 433 1915 3383 6167 6497 0 
1 3 5 9 15 25 61 15 293 395 1831 1039 315 4917 0 
1 3 5 15 1 39 103 227 479 369 133 209 4299 15141 0 
1 3 7 9 31 33 69 13 99 325 1377 2115 4445 759 0 
1 3 7 1 15 41 39 207 351 455 1439 3533 2891 16357 0 
1 3 5 3 21 53 49 213 453 985 829 4073 6835 5765 0 
1 3 1 15 23 51 107 147 135 473 1007 465 1349 12611 0 
1 3 7 9 23 33 113 139 133 845 1021 3059 423 2321 0 
1 3 3 11 17 33 115 187 279 445 1197 1495 4863 14415 0 
1 3 5 11 3 31 81 97 503 343 781 491 1713 9151 0 
1 3 5 9 5 55 123 27 229 535 701 2623 6621 1211 0 
1 3 5 5 21 7 77 213 507 823 1217 2395 691 5077 0 
1 1 7 5 21 23 35 43 501 497 1327 2471 1125 11731 0 
1 3 7 15 17 1 9 41 271 515 1767 2197 7341 565 0 
1 3 7 13 13 57 79 171 213 465 1261 2753 577 3657 0 
1 3 1 11 15 55 85 179 1 97 461 1133 637 10177 0 
1 3 5 7 25 21 117 107 331 89 697 1873 3871 1541 0 
1 3 7 13 1 9 31 51 37 83 1585 2387 3587 11223 0 
1 3 7 3 27 41 87 207 399 139 2017 3847 6509 4241 0 
1 3 7 11 29 53 109 29 363 103 735 3939 3221 8893 0 
1 3 5 15 17 27 63 93 447 81 1609 3233 6123 8343 0 
1 3 3 5 9 45 99 17 201 445 1355 237 5467 10881 0 
1 1 7 9 21 13 67 129 339 161 1687 3619 133 5595 0 
1 3 5 11 19 59 55 247 461 693 1987 531 5719 12175 0 
1 3 1 7 11 37 71 73 469 871 1247 2471 5075 4923 0 
1 3 5 15 13 51 1 133 109 265 1169 971 1611 6653 0 
1 3 5 1 25 19 39 35 123 445 1443 2799 3729 12613 0 
1 3 5 3 19 51 83 5 17 547 1217 2471 21 2189 0 
1 3 7 15 11 29 75 141 331 751 1461 2225 955 11229 0 
1 3 5 7 31 11 125 45 387 535 259 3271 715 8121 0 
1 3 7 13 29 41 91 109 397 841 1041 2729 625 7529 0 
1 3 7 9 3 9 15 169 291 201 1869 3661 8017 13627 0 
1 3 3 5 15 35 95 205 485 279 1083 3185 7569 6341 0 
1 3 5 13 1 59 59 97 219 693 365 3211 2965 10461 0 
1 3 1 7 19 27 109 189 497 793 1251 3977 7743 12927 0 
1 1 7 3 27 11 31 173 91 433 1449 1647 521 8915 0 
1 3 5 15 31 41 5 173 183 195 667 705 1887 1627 0 
1 3 5 1 5 39 65 167 61 983 1647 1279 6497 3141 0 
1 3 5 5 15 33 37 161 101 645 1411 2679 7695 15711 0 
1 3 7 15 5 25 29 193 457 929 1143 633 547 2955 0 
1 3 5 9 29 11 37 163 59 829 79 507 3905 1103 0 
1 3 3 5 29 25 41 253 225 129 461 3685 5873 14781 0 
1 3 5 7 15 5 83 205 335 549 1529 2069 7777 7321 0 
1 3 7 3 23 9 5 195 95 289 1951 2323 2993 14665 0 
1 3 7 15 19 31 39 201 389 1017 523 2643 7999 16379 0 
1 1 5 9 15 29 121 139 41 761 1065 3141 7593 1635 0 
1 3 7 1 17 25 23 135 255 267 1513 2647 583 14151 0 
1 3 5 9 3 57 75 1 401 547 1455 2843 8045 10681 0 
1 3 5 5 17 9 41 67 365 413 845 1219 6763 12915 0 
1 3 1 9 17 35 93 229 315 603 417 1541 5939 15457 0 
1 3 7 15 29 11 123 55 119 759 1787 3863 695 997 0 
1 3 3 13 11 7 35 245 137 259 573 767 5191 14431 0 
1 3 7 15 15 43 121 253 3 809 41 399 8133 13173 0 
1 3 7 5 7 37 109 231 501 475 1221 2359 7791 10823 0 
1 1 5 9 13 57 39 195 35 819 19 1719 5057 11257 0 
1 3 7 3 17 7 123 245 99 997 1757 147 4601 8801 0 
1 3 5 1 21 53 83 187 271 149 631 2305 7507 16217 0 
1 3 5 15 7 23 93 197 479 79 217 2637 7689 5209 0 
1 3 1 5 21 3 39 189 461 305 991 1331 7999 12101 0 
1 3 5 5 19 41 119 245 277 997 375 3987 6343 6713 0 
1 3 3 7 9 59 23 83 69 1013 787 1651 981 4243 0 
1 3 7 9 17 49 95 185 353 927 1709 2909 915 12005 0 
1 3 7 11 7 63 73 27 387 475 1025 107 7829 3983 0 
1 3 7 13 31 25 35 59 413 449 313 3121 5051 3763 0 
1 1 7 15 23 5 121 57 89 107 2015 1203 1535 3613 0 
1 3 7 3 17 1 39 85 159 11 1371 2147 5969 1139 0 
1 3 5 11 7 29 115 65 279 1007 1407 935 6893 3291 0 
1 3 1 11 29 29 87 29 507 505 839 3851 3469 13771 0 
1 3 5 15 1 23 35 255 375 233 1211 297 801 10721 0 
1 3 5 5 19 49 101 3 201 489 335 355 5695 6195 0 
1 3 5 9 27 43 95 169 413 447 1877 2307 1105 13747 0 
1 3 7 1 25 15 97 103 499 637 905 2575 4847 13711 0 
1 3 3 7 13 23 121 73 487 493 993 217 2561 12057 0 
1 1 7 15 5 25 37 13 303 329 43 1851 5691 7513 0 
1 3 5 9 25 23 7 53 231 465 847 2669 7411 6819 0 
1 3 5 15 15 47 13 97 95 647 1163 3343 7583 10757 0 
1 3 5 15 23 3 29 189 169 279 135 3083 547 2469 0 
1 3 1 3 13 51 63 97 205 621 143 61 1701 8911 0 
1 3 7 11 5 17 125 85 427 113 855 2909 2551 10557 0 
1 3 7 15 9 1 43 205 399 93 1091 2807 3157 12809 0 
1 3 7 7 25 39 7 13 499 287 1235 1333 7359 9869 0 
1 3 3 5 15 37 119 5 53 527 1551 2423 2059 1323 0 
1 3 7 1 25 41 47 25 47 117 229 4073 4955 10583 0 
1 1 5 13 29 41 107 39 279 703 539 895 6849 3377 0 
1 3 5 11 15 15 95 27 331 169 1829 907 5749 11501 0 
1 3 5 11 27 37 119 133 171 571 1203 797 5531 1443 0 
1 3 5 13 23 33 63 9 205 831 1983 3943 1575 7555 0 
1 3 5 9 19 41 91 233 169 755 433 4025 877 11207 0 
1 3 7 3 23 45 73 83 417 647 1425 547 537 14023 0 
1 3 1 15 25 7 5 93 115 1001 1033 1725 7137 1593 0 
1 3 3 9 29 15 91 121 57 39 1201 1435 7559 14867 0 
1 3 7 7 9 7 27 229 479 977 1945 3475 583 2043 0 
1 1 3 9 23 7 57 57 491 799 207 1999 2219 7567 0 
1 3 5 15 3 39 81 197 29 183 287 1449 2247 8947 0 
1 3 7 13 27 33 97 41 75 797 641 1743 7777 13079 0 
1 3 7 13 25 43 93 37 353 599 1515 2687 2687 1157 0 
1 3 5 1 31 47 71 129 311 809 689 1905 4749 7737 0 
1 3 5 13 11 3 101 79 49 55 1085 3343 8149 11005 0 
1 3 1 5 21 43 119 31 23 557 1857 105 375 15541 0 
1 3 7 3 27 45 51 193 235 191 1953 1235 5241 4895 0 
1 3 5 7 23 5 5 215 497 605 1441 2399 5377 15609 0 
1 3 7 11 17 37 15 95 479 371 1207 4017 4643 12305 0 
1 3 5 9 27 21 119 197 343 843 1147 3507 5171 993 0 
1 3 7 15 21 1 95 137 277 673 1671 2277 2619 12701 0 
1 1 3 5 27 31 27 89 511 109 673 1477 145 7765 0 
1 3 7 1 9 57 25 21 215 835 1599 4087 5043 12175 0 
1 3 7 7 15 19 117 239 497 395 375 783 875 11093 0 
1 3 1 7 29 63 105 91 401 847 1835 3935 4983 8113 0 
1 3 5 11 19 39 69 19 445 125 255 2549 4611 15661 0 
1 3 3 9 17 45 67 151 81 245 1779 361 4361 5847 0 
1 3 7 9 9 21 63 165 389 271 301 335 2809 9837 0 
1 3 7 9 15 39 31 243 53 1021 23 757 5217 6935 0 
1 3 5 7 15 49 123 113 175 131 1047 3351 627 3355 0 
1 1 7 9 1 63 117 81 51 891 1487 2775 4467 14757 0 
1 3 7 1 15 15 53 139 37 659 31 309 4379 12091 0 
1 3 7 11 27 13 45 227 277 995 1307 3115 5591 8195 0 
1 3 1 13 15 37 95 59 119 437 305 135 2329 7021 0 
1 3 5 13 11 41 33 139 441 97 1415 1839 4077 8811 0 
1 3 3 9 27 45 121 51 371 939 1287 2997 6631 7127 0 
1 3 7 7 19 39 55 3 457 141 1497 2437 5027 5193 0 
1 3 7 9 23 11 9 227 439 415 203 3303 75 11095 0 
1 3 5 13 7 47 103 9 369 309 1935 3095 2735 3755 0 
1 3 7 9 21 35 123 187 507 963 973 3579 169 567 0 
1 3 5 9 9 13 91 237 303 243 911 551 8149 3639 0 
1 3 7 5 31 53 69 249 307 7 1263 2401 5903 8435 0 
1 1 5 7 31 27 113 205 339 195 1803 307 4243 7407 0 
1 3 1 9 15 19 3 79 435 663 475 2033 7399 6339 0 
1 3 3 9 13 23 51 31 177 1003 425 3919 3915 87 0 
1 3 5 9 17 1 57 247 115 487 1595 3567 47 7535 0 
1 3 7 9 7 63 39 191 291 455 195 4027 5259 6501 0 
1 3 7 11 5 9 47 83 261 581 475 761 4893 14085 0 
1 3 7 13 1 59 123 167 359 465 1373 2797 6767 835 0 
1 3 7 13 19 39 47 155 115 947 1859 1175 6753 15197 0 
1 3 7 5 15 7 95 125 131 1001 513 1149 2501 31 0 
1 1 7 5 11 11 49 111 357 955 1799 1909 1433 2807 0 
1 3 7 1 27 35 89 63 341 83 1299 1023 4481 15489 0 
1 3 1 11 9 63 35 253 41 201 1791 3051 6679 13 0 
1 3 5 13 23 15 115 27 321 893 313 973 209 15573 0 
1 3 3 15 19 33 23 103 121 213 333 1605 379 1171 0 
1 3 7 15 17 5 57 141 313 61 1307 3421 5207 9615 0 
1 3 7 11 11 37 29 197 341 277 1823 3319 4355 15425 0 
1 3 5 5 31 45 91 137 487 593 773 2611 8103 933 0 
1 3 5 11 9 11 109 175 63 855 1051 3793 6607 8283 0 
1 3 7 15 21 31 15 69 485 631 1291 1171 1053 12117 0 
1 3 7 3 19 21 75 117 399 471 2007 313 277 5711 0 
1 3 7 1 15 51 53 7 489 981 559 509 427 2643 0 
1 3 7 5 25 57 33 21 419 1005 1979 3863 6835 7059 0 
1 3 3 13 7 25 25 171 157 185 1979 277 4317 14037 0 
1 1 3 11 7 47 115 159 225 981 893 897 2335 3097 0 
1 3 5 15 11 17 105 241 233 989 1965 2925 3361 15229 0 
1 3 5 11 7 47 73 65 495 139 2009 31 6053 3485 0 
1 3 5 15 17 29 19 119 395 127 1037 869 1357 2495 0 
1 3 5 11 25 59 53 21 321 599 529 417 1975 6759 0 
1 3 1 5 5 9 125 47 293 439 1879 4009 6327 7209 0 
1 3 7 15 1 29 117 37 455 479 1009 3385 5581 10117 0 
1 3 7 3 17 45 23 111 113 895 1999 1193 3575 11251 0 
1 3 7 7 13 31 107 209 197 845 223 3299 5223 15339 0 
1 3 3 7 29 43 3 253 73 243 1705 1749 79 10519 0 
1 3 5 7 3 57 47 231 509 201 1183 1647 4315 4653 0 
1 3 7 9 11 21 55 45 89 491 1077 653 4619 3699 0 
1 1 5 13 25 3 7 13 301 69 47 303 5163 4187 0 
1 3 7 9 7 43 77 133 463 679 89 2455 7151 9579 0 
1 3 5 15 23 39 93 175 87 543 1631 3011 6861 14079 0 
1 3 1 7 29 21 63 79 331 793 537 3287 8169 4179 0 
1 3 5 3 9 37 51 221 31 677 1575 3025 1637 15045 0 
1 3 7 15 17 29 55 45 189 33 1471 2043 5623 7065 0 
1 3 3 5 19 15 57 123 499 49 1303 393 7379 13473 0 
1 3 7 5 9 59 75 203 105 273 1761 1073 7753 6903 0 
1 3 7 11 23 5 31 7 373 991 2025 2403 1057 6691 0 
1 1 7 11 11 39 23 13 385 439 1127 2711 6813 4447 0 
1 3 5 9 3 39 25 205 475 879 105 2045 4721 6473 0 
1 3 7 13 23 17 91 87 437 107 1601 793 4861 10707 0 
1 3 7 7 29 53 7 175 469 19 435 449 7641 4735 0 
1 3 5 11 27 63 47 201 435 617 145 3725 2581 8579 0 
1 3 5 9 23 53 33 129 31 337 799 1229 4985 5207 0 
1 3 3 7 1 15 105 219 167 35 1905 2347 5171 5327 0 
1 3 1 7 17 43 121 73 107 509 853 863 5591 10285 0 
1 3 7 3 9 45 117 121 23 661 249 3553 6187 7989 0 
1 1 3 9 13 7 91 91 215 579 895 2565 4729 837 0 
1 3 7 15 31 33 61 41 385 1007 51 217 6335 15691 0 
1 3 5 13 21 41 93 203 383 475 863 3021 4695 13005 0 
1 3 7 7 23 43 123 145 127 951 961 221 7941 6479 0 
1 3 7 9 29 23 83 65 211 781 615 1159 3061 9077 0 
1 3 5 7 17 11 103 245 255 765 1971 2791 8187 12079 0 
1 3 3 11 7 55 101 3 327 953 337 2141 2459 2469 0 
1 3 1 7 21 35 97 67 401 781 2047 3779 3409 15775 0 
1 3 7 3 3 7 123 253 405 393 1471 2243 4929 4473 0 
1 1 3 15 5 51 41 151 81 243 3 3277 4489 741 0 
1 3 7 9 17 25 93 179 91 841 1601 2645 7623 13997 0 
1 3 5 11 9 25 67 215 391 833 1811 29 3253 3121 0 
1 3 7 13 13 63 61 203 403 683 1131 2795 1275 6929 0 
1 3 5 9 5 27 101 149 507 641 1339 3859 2085 6269 0 
1 3 7 13 19 3 93 139 195 249 1465 3933 1999 16047 0 
1 3 7 11 15 45 81 11 473 257 1743 1789 6159 8517 0 
1 3 3 11 9 1 5 3 199 607 1059 205 4137 12523 0 
1 3 5 5 17 41 95 51 11 463 2045 3613 6909 11077 0 
1 3 1 11 3 17 73 79 469 533 27 635 5111 6571 0 
1 3 5 11 25 11 55 187 305 729 913 3651 6681 13055 0 
1 3 5 15 29 59 15 139 457 617 553 2355 3959 6883 0 
1 1 7 9 19 53 7 161 39 781 1625 1881 291 16101 0 
1 3 1 5 3 13 101 215 437 423 691 2143 4059 5865 0 
1 3 5 15 31 35 49 205 425 99 1609 2185 6331 6955 0 
1 3 5 13 21 49 93 233 243 745 1395 541 4483 1071 0 
1 3 3 15 19 39 63 139 149 435 1205 2813 1 12199 0 
1 3 7 9 25 47 91 213 467 691 195 1431 5109 12043 0 
1 3 7 5 19 27 19 59 283 943 659 1579 4323 5717 0 
1 3 5 9 23 35 39 63 23 815 1529 1505 4601 2517 0 
1 3 5 1 13 61 69 111 131 209 1645 3515 4809 14393 0 
1 1 7 15 23 53 75 161 247 1001 1665 407 3411 14729 0 
1 3 1 13 29 35 5 83 309 407 701 1345 849 11647 0 
1 3 7 15 9 43 97 221 317 923 721 3003 6567 14437 0 
1 3 5 11 13 13 9 11 339 689 641 3821 1275 2747 0 
1 3 3 5 19 17 35 63 403 483 1783 109 7287 14559 0 
1 3 5 15 3 13 41 217 203 913 2003 3767 985 9807 0 
1 3 5 9 9 63 91 151 497 455 1025 801 2079 12323 0 
1 3 7 15 31 5 83 185 139 185 313 1951 2261 3019 0 
1 3 7 5 7 41 125 31 339 671 1959 3489 1687 15931 0 
1 1 7 3 23 51 87 205 303 693 1091 1099 7317 3151 0 
1 3 7 11 5 59 9 227 23 583 795 2391 4215 11399 0 
1 3 1 15 21 61 53 11 349 759 673 2135 1979 9907 0 
1 3 7 11 29 45 11 131 31 603 327 95 1141 1931 0 
1 3 3 9 29 25 49 203 183 873 173 587 5407 11241 0 
1 3 5 9 17 55 37 235 7 627 1645 2589 5273 7275 0 
1 3 5 13 31 41 69 221 13 763 1525 595 1133 9113 0 
1 3 7 11 1 41 127 143 7 137 1719 685 2745 9557 0 
1 3 5 7 17 53 45 33 509 625 969 3805 7873 4105 0 
1 1 3 5 11 17 113 117 437 107 1855 291 6045 7543 0 
1 3 7 11 31 17 113 223 123 191 1707 1357 7771 459 0 
1 3 7 9 15 45 69 41 275 751 49 2421 1669 713 0 
1 3 5 13 13 61 67 1 271 999 325 437 4805 7229 0 
1 3 1 7 27 47 107 213 255 387 363 3205 1049 7279 0 
1 3 3 9 29 59 109 121 465 611 341 3435 7277 4471 0 
1 3 7 1 31 11 95 123 203 211 371 1003 6529 6351 0 
1 3 7 13 17 35 127 65 229 873 1623 141 2945 1143 0 
1 3 5 15 31 13 101 113 321 797 391 147 1511 4665 0 
1 1 7 15 31 29 65 147 113 927 1355 3777 1731 15265 0 
1 3 5 9 19 35 37 219 95 299 29 2945 5607 6669 0 
1 3 5 9 3 27 45 161 475 115 1891 2617 1171 5497 0 
1 3 5 7 23 55 97 3 425 139 321 3779 2471 14995 0 
1 3 7 13 7 23 29 135 9 293 401 3345 6109 411 0 
1 3 7 3 23 11 51 201 509 207 1921 3411 4245 6317 0 
1 3 7 7 23 7 121 141 91 785 1151 3003 3841 1355 0 
1 3 1 5 9 61 89 101 77 799 1007 1203 3935 11987 0 
1 3 5 9 27 1 39 119 77 609 829 677 23 12523 0 
1 3 3 9 1 49 21 125 511 89 1913 895 5779 3397 0 
1 3 5 15 29 21 51 125 339 931 1095 673 467 15953 0 
1 1 3 7 5 35 111 237 183 743 1651 1547 4133 3051 0 
1 3 5 9 21 59 61 169 53 335 915 1191 4025 14765 0 
1 3 7 5 25 11 81 175 367 799 981 3377 7175 1397 0 
1 3 7 3 27 35 113 129 147 395 853 3151 5903 13293 0 
1 3 7 13 25 7 39 15 119 527 1745 3503 3039 377 0 
1 3 7 9 7 57 31 227 419 299 907 2853 2887 6569 0 
1 3 5 9 9 39 13 227 29 855 219 1837 4889 1307 0 
1 3 3 9 1 59 33 149 485 981 495 1385 3885 8605 0 
1 3 7 15 19 11 85 137 245 999 711 1843 5815 11725 0 
1 3 1 9 19 7 75 101 39 693 923 3177 2111 12067 0 
1 1 3 9 23 27 11 179 249 629 417 1235 79 15311 0 
1 3 5 9 31 49 33 21 341 969 1787 2747 8003 9703 0 
1 3 1 11 21 3 69 17 61 427 1071 3689 6177 9253 1681 
1 1 1 1 27 39 59 169 73 531 1793 3075 2897 7147 30395 
1 3 5 1 21 23 43 35 347 209 749 1819 7207 4795 8515 
1 1 7 9 9 9 85 199 485 897 503 3791 89 1427 13565 
1 3 3 7 5 9 113 61 401 443 973 1015 6853 12147 23261 
1 1 5 3 15 5 73 205 315 927 1921 1407 4377 11543 24037 
1 1 3 11 17 15 39 173 103 65 1317 313 2185 9659 6973 
1 1 5 11 7 39 49 5 393 427 45 221 5997 7129 9163 
1 1 3 9 17 55 91 191 337 933 1541 4091 7813 16307 27009 
1 1 7 5 27 1 71 193 505 867 1663 3837 6223 15389 6959 
1 1 1 11 7 9 45 119 51 149 115 3671 7775 6479 6239 
1 1 3 5 11 15 113 51 225 57 1993 1485 3599 1159 18349 
1 1 5 1 5 21 27 155 263 811 1965 57 6923 10435 25831 
1 3 7 3 1 13 83 51 185 405 797 717 4763 14717 15669 
1 1 7 11 1 53 21 251 135 803 91 1137 6599 15275 11265 
1 1 7 13 9 27 13 43 449 607 415 2195 979 10759 20707 
1 1 3 3 31 49 59 221 201 673 1559 1895 4381 12713 29751 
1 3 7 3 17 11 99 25 15 971 295 2287 1331 13029 28627 
1 1 5 9 19 51 91 167 37 935 47 2609 1847 6503 19311 
1 3 7 7 13 59 35 201 55 409 1211 3887 3803 8491 19071 
1 1 7 5 29 37 97 157 495 427 1165 3159 1359 15177 31689 
1 3 1 3 31 21 101 15 257 863 1937 1705 2481 13163 29829 
1 1 5 9 9 47 77 23 235 177 1391 3501 1929 11747 3097 
1 1 1 13 9 23 99 149 383 569 403 3665 1707 6829 717 
1 1 7 3 25 33 123 3 259 225 1361 531 83 6663 8791 
1 1 3 13 11 55 49 169 421 419 543 2861 1791 5933 14335 
1 1 3 5 13 57 49 177 295 253 1083 2127 5175 6367 22975 
1 1 7 7 29 13 77 65 511 557 781 961 3563 4075 6173 
1 1 3 13 25 43 15 35 455 307 1461 435 807 14845 22141 
1 1 5 1 19 1 37 245 71 953 293 3953 4465 2205 7695 
1 1 7 3 1 31 37 171 171 1013 1369 2067 2121 10283 31335 
1 1 7 3 19 7 99 7 357 937 1823 3733 461 11869 18227 
1 1 1 5 23 39 33 7 419 1007 1079 383 6461 5239 18223 
1 3 1 7 23 11 103 217 25 925 1409 1513 1441 8195 10047 
1 1 3 13 25 39 97 205 81 601 1841 2983 1929 6609 25987 
1 1 7 9 13 43 77 203 49 815 1863 1683 6401 11865 20745 
1 1 7 15 27 57 125 161 427 991 1471 1477 1133 8739 27983 
1 1 3 7 11 39 87 131 207 197 1611 2339 7181 14159 12305 
1 1 3 9 19 55 27 63 143 985 61 3085 445 10749 11251 
1 1 5 13 31 37 105 129 165 653 311 3065 2315 14701 31045 
1 1 3 3 31 45 25 123 95 743 1 959 3553 12237 10963 
1 1 1 5 19 13 113 199 347 697 1521 1955 407 15051 32643 
1 1 3 15 25 41 115 151 291 453 1651 1829 3829 1607 31931 
1 1 5 15 13 17 117 163 15 945 923 3751 2735 15267 3005 
1 1 7 5 25 23 83 235 199 355 265 2097 2829 5043 1745 
1 3 5 7 31 49 125 137 77 881 377 383 6651 4299 6709 
1 1 3 11 23 63 111 231 367 905 995 1297 6443 14285 20679 
1 1 3 15 25 27 77 161 407 453 1919 2873 2593 1571 1909 
1 1 5 13 13 15 51 169 207 355 1185 3955 7145 10025 29115 
1 1 5 9 15 57 57 171 261 837 193 1215 4655 9411 11283 
1 3 1 3 17 21 121 215 343 733 319 293 899 103 10829 
1 1 1 5 1 3 11 39 79 157 1321 799 7653 7817 10993 
1 3 1 13 25 47 65 201 133 241 1003 1865 4555 4347 10933 
1 3 1 13 29 49 119 81 167 261 875 2525 2383 9035 9179 
1 1 5 3 23 39 79 179 261 913 991 353 7745 12897 5263 
1 3 1 5 7 25 95 193 409 565 559 681 5907 5339 26421 
1 3 5 15 11 45 73 51 339 737 787 3827 6899 11811 13893 
1 1 5 9 17 57 27 247 299 151 1149 649 7905 1297 14133 
1 3 1 9 25 7 19 195 61 305 1019 913 7891 15501 11601 
1 1 7 11 15 61 45 95 217 5 1107 1685 3127 11479 32275 
1 1 1 13 1 27 43 49 165 573 1025 3233 1833 14293 14331 
1 1 7 7 21 39 9 199 275 865 1263 3705 1807 12211 26067 
1 3 1 3 11 27 19 39 305 323 1917 9 2299 5697 16619 
1 3 1 9 9 63 43 71 405 911 1125 1521 5567 7337 24373 
1 1 7 1 19 43 33 179 157 359 1011 1821 6523 13117 25389 
1 3 1 13 19 31 77 53 97 337 1503 3075 3261 7917 1911 
1 1 7 13 23 51 63 29 497 241 747 1487 1255 3247 25361 
1 1 3 5 29 53 19 15 209 853 103 3911 4529 10405 23951 
1 1 3 7 21 37 121 105 335 663 747 1361 2887 11979 26659 
1 1 7 5 21 39 97 9 281 975 311 1103 967 11219 29437 
1 1 7 15 19 25 13 45 51 257 1271 1385 1377 11089 3291 
1 1 7 15 3 51 59 59 87 429 757 423 5337 8271 21595 
1 1 3 13 9 51 21 39 145 639 1963 3951 3555 8855 8931 
1 1 3 3 3 21 63 87 195 151 1431 3575 5607 4573 30629 
1 3 7 1 13 45 77 253 111 483 1623 1841 3471 2307 8207 
1 1 1 3 13 43 111 187 163 605 205 1907 8137 2291 19395 
1 1 3 15 27 1 115 99 421 711 2001 2377 4547 11077 11033 
1 1 5 1 1 5 85 189 501 3 57 93 7585 12363 5251 
1 3 3 9 31 43 75 31 493 1011 1105 1863 2003 1677 27189 
1 3 5 5 1 57 31 215 407 955 141 1253 8107 9503 3887 
1 1 7 3 9 43 11 253 445 177 609 3305 7289 1131 14507 
1 1 5 11 7 45 93 235 77 525 1775 4041 3059 16267 28711 
1 3 5 1 9 53 97 183 457 9 813 4023 2527 9731 9195 
1 1 3 3 13 7 117 9 277 81 921 3629 5287 4989 29889 
1 1 7 15 29 47 5 215 153 197 461 2285 5009 10221 13255 
1 3 1 5 17 55 99 7 331 141 703 2469 1781 3791 7649 
1 1 1 11 19 9 117 247 375 149 1343 1011 3469 11441 22195 
1 1 7 15 3 43 89 37 17 701 689 3725 7919 5535 22195 
1 1 5 15 23 45 85 217 455 81 1195 59 7823 13405 1115 
1 1 5 13 13 3 59 173 79 577 581 2361 6439 9539 31255 
1 1 3 15 11 53 85 43 205 21 1959 799 7643 7539 16763 
1 1 5 1 17 59 95 173 361 19 981 1437 1173 5893 24609 
1 1 3 13 29 57 37 119 199 371 407 2557 1029 2589 7859 
1 3 7 9 29 53 123 151 355 741 1503 4023 2471 9889 25237 
1 1 5 3 21 19 65 127 429 691 421 1669 155 15105 22911 
1 1 1 15 31 31 41 131 117 479 771 599 6683 19 26953 
1 1 3 5 11 51 81 197 109 609 1191 1105 6943 9505 23563 
1 3 1 13 7 21 69 121 193 885 613 2903 6989 1751 31179 
1 3 5 9 23 33 111 251 379 531 983 1713 2955 14217 25395 
1 1 7 15 3 49 33 195 167 465 629 2311 4247 1939 7999 
1 1 3 9 31 9 99 31 225 113 1513 3843 3075 16075 6395 
1 3 1 15 15 53 125 119 509 417 37 3717 6435 15611 6337 
1 3 5 1 9 9 43 125 95 777 91 2791 5489 15573 32233 
1 1 3 1 7 39 23 153 219 963 799 425 6443 2425 20503 
1 1 5 3 17 33 37 103 325 765 1699 917 2347 1303 24581 
1 1 7 9 17 47 127 191 379 497 943 1753 521 1799 30279 
1 1 7 15 29 57 3 135 23 831 63 2619 1159 12335 19587 
1 1 3 3 27 55 35 181 263 605 1155 981 1307 4023 22287 
1 1 3 11 21 27 11 129 421 77 1931 1793 397 1369 8389 
1 3 7 15 23 1 75 173 461 893 1637 2719 3589 4219 12175 
1 1 5 7 1 21 33 189 157 5 737 57 2159 11203 14631 
1 1 7 11 25 43 77 153 443 1013 1975 1117 1423 3429 25847 
1 1 5 13 17 29 83 145 235 469 1717 2069 2719 11349 25305 
1 1 3 9 3 47 63 255 331 627 1935 1381 7641 8787 7387 
1 1 7 15 9 55 65 193 195 883 71 1727 6921 8027 29477 
1 1 5 1 13 5 49 19 161 213 965 747 4263 1523 11119 
1 1 7 5 19 11 55 119 263 973 1177 3787 2947 16093 14727 
1 1 1 3 25 25 63 13 97 643 1883 3385 2851 7409 23733 
1 3 3 13 25 15 49 191 273 579 1369 1597 5827 9919 12797 
1 1 3 13 5 31 103 157 63 187 103 459 5077 1529 14637 
1 1 5 15 25 51 75 43 39 123 443 1529 3793 8925 17161 
1 1 3 9 23 53 21 185 365 215 185 2341 7819 8001 18543 
1 1 7 9 27 63 17 1 151 413 71 3939 8111 13253 25611 
1 1 7 5 19 53 31 245 335 115 531 603 5469 13971 17069 
1 1 5 13 1 63 49 53 339 513 965 1977 1093 5289 3869 
1 1 3 1 27 31 15 49 499 689 709 1001 5113 16235 12111 
1 1 5 9 31 63 53 133 29 155 1567 3761 5903 2259 10055 
1 1 3 13 3 5 73 49 41 279 1379 1595 3919 15755 28931 
1 3 7 13 27 1 125 169 159 1023 637 1993 5765 4657 30627 
1 1 5 11 11 15 59 113 261 29 1435 421 6095 6073 1565 
1 1 3 9 31 1 117 23 231 989 391 3531 1843 3245 10311 
1 3 3 1 5 23 113 251 303 87 111 2665 3913 4263 24579 
1 1 5 15 7 7 91 159 325 375 1015 1965 6667 6991 11735 



