1
3
7
11
13
19
25
37
59
47
61
55
41
67
97
91
109
103
115
131
193
137
145
143
241
157
185
167
229
171
213
191
253
203
211
239
247
285
369
299
425
301
361
333
357
351
501
355
397
391
451
463
487
529
545
539
865
557
721
563
817
601
617
607
1001
623
985
631
953
637
761
647
901
661
677
675
789
687
981
695
949
701
757
719
973
731
877
787
803
799
995
827
883
847
971
859
875
895
1019
911
967
1033
1153
1051
1729
1063
1825
1069
1441
1125
1329
1135
1969
1163
1673
1221
1305
1239
1881
1255
1849
1267
1657
1279
2041
1293
1413
1315
1573
1341
1509
1347
1557
1367
1877
1387
1717
1423
1933
1431
1869
1479
1821
1527
1917
1531
1789
1555
1603
1591
1891
1615
1939
1627
1747
1663
2035
1759
2011
1815
1863
2053
2561
2071
3713
2091
3393
2093
2881
2119
3617
2147
3169
2149
2657
2161
2273
2171
3553
2189
2833
2197
2705
2207
3985
2217
2385
2225
2257
2255
3889
2279
3697
2283
3441
2293
2801
2317
2825
2323
3209
2341
2633
2345
2377
2363
3529
2365
3017
2373
2601
2395
3497
2419
3305
2421
2793
2431
4073
2435
3097
2447
3865
2475
3417
2477
2905
2489
2521
2503
3641
2533
2681
2551
3833
2567
3589
2579
3205
2581
2693
2669
2917
2687
4069
2717
2965
2727
3669
2731
3413
2739
3285
2741
2773
2783
4021
2799
3957
2811
3573
2819
3085
2867
3277
2879
4045
2891
3373
2911
4013
2927
3949
2941
3053
2951
3613
2955
3357
2963
3229
2991
3933
2999
3805
3005
3037
3035
3517
3047
3709
3083
3331
3103
3971
3159
3747
3179
3427
3187
3299
3223
3731
3227
3475
3251
3283
3263
4051
3271
3635
3319
3827
3343
3851
3367
3659
3399
3627
3439
3947
3487
3995
3515
3547
3543
3771
3559
3707
3623
3655
3679
4007
3743
3991
3791
3895
4179
6465
4201
4801
4219
7105
4221
6081
4249
4897
4305
4449
4331
6881
4359
7185
4383
7953
4387
6289
4411
7057
4431
7761
4439
7505
4459
6865
4485
5169
4531
6577
4569
4977
4575
8049
4621
5641
4663
7561
4669
6025
4711
7369
4723
6601
4735
8137
4793
5033
4811
6761
4879
7705
4893
5913
4921
5017
4927
8089
4941
5721
5027
6329
5127
7173
5175
7557
5199
7749
5213
5957
5223
7365
5237
5573
5287
7333
5293
5797
5331
6501
5391
7701
5405
5909
5453
5717
5523
6453
5591
7541
5597
6005
5611
6901
5703
7245
5821
6061
5955
6237
6067
6589
6079
8125
6231
7491
6295
7459
6383
7907
6427
6931
6523
7123
6539
6707
6607
7795
6631
7411
6683
6923
6699
6795
6943
7963
6999
7515
7079
7355
7103
8123
7191
7431
7207
7303
7327
7975
7375
7783
7727
7823
8219
13825
8231
14593
8245
11009
8275
12929
8293
10625
8303
15745
8331
13377
8333
11329
8351
15937
8357
10561
8367
15681
8379
14145
8381
12097
8387
12481
8393
9409
8417
8641
8435
13249
8461
11297
8469
10785
8489
9505
8495
15649
8507
14113
8515
12449
8551
14753
8555
13729
8569
10145
8585
9313
8599
14945
8605
11873
8639
16225
8647
14561
8653
11489
8671
16097
8675
12769
8689
9185
8699
14305
8729
9745
8741
10513
8759
15121
8765
12049
8771
12433
8795
13969
8797
11921
8825
10129
8831
16273
8841
9297
8855
14929
8859
13905
8883
13137
8895
16209
8909
11473
8943
15825
8951
15313
8955
14289
8965
10289
8999
14641
9003
13617
9031
14513
9045
10929
9049
9905
9071
15793
9073
9137
9085
12209
9095
14449
9101
11377
9109
10865
9123
12657
9129
9585
9143
15217
9147
14193
9197
11761
9209
10225
9227
13321
9235
12809
9247
15881
9253
10505
9257
9481
9277
12041
9303
14985
9325
11657
9343
16265
9347
12361
9371
13897
9373
11849
9397
11081
9407
16201
9415
14537
9419
13513
9443
12745
9495
14889
9501
11817
9517
11561
9529
10025
9555
12969
9557
10921
9571
12713
9591
15273
9607
14441
9611
13417
9621
10857
9625
9833
9631
15977
9647
15721
9661
12137
9669
10473
9679
15593
9687
15081
9707
13801
9731
12313
9733
10265
9773
11545
9791
16153
9803
13465
9811
12953
9817
9881
9847
15257
9851
14233
9863
14425
9875
12889
9911
15193
9917
12121
9923
12505
9963
13785
9973
11225
10003
12857
10043
14137
10063
15545
10071
15033
10077
11961
10091
13753
10099
13241
10105
10169
10115
12409
10183
14585
10187
13561
10207
16121
10223
15865
10247
14341
10271
15877
10275
12549
10299
14085
10301
12037
10309
10373
10343
14725
10357
11141
10411
13637
10413
11589
10431
16197
10445
11461
10453
10949
10463
16069
10467
12741
10491
14277
10511
15397
10523
13861
10539
13605
10549
11045
10559
16165
10571
13477
10581
10917
10615
15269
10621
12197
10643
12901
10655
15973
10671
15717
10679
15205
10685
12133
10691
12517
10711
15077
10739
13285
10741
11237
10755
12309
10767
15381
10781
11797
10803
13077
10805
11029
10829
11413
10863
15765
10875
14229
10877
12181
10967
15061
10971
14037
10987
13781
10995
13269
11043
12597
11055
15669
11063
15157
11075
12469
11117
11701
11135
16309
11159
14965
11163
13941
11181
11637
11187
13173
11261
12277
11279
15373
11307
13581
11309
11533
11327
16141
11341
11405
11403
13389
11427
12621
11439
15693
11453
12109
11479
15053
11495
14797
11499
13773
11567
15661
11575
15149
11579
14125
11611
13997
11623
14765
11663
15469
11687
14701
11691
13677
11747
12781
11773
12269
11783
14365
11795
12829
11855
15517
11867
13981
11869
11933
11883
13725
11919
15453
11927
14941
11947
13661
11955
13149
11999
16093
12027
14301
12029
12253
12055
14909
12095
16189
12107
13501
12127
16061
12207
15741
12239
15613
12263
14845
12287
16381
12295
14339
12335
15619
12367
15491
12391
14723
12415
16259
12479
16195
12499
12995
12527
15811
12559
15395
12615
14499
12639
16035
12643
12707
12667
14243
12727
15203
12763
14051
12779
13795
12787
13283
12799
16355
12815
15379
12839
14611
12875
13459
12883
12947
12959
15955
12983
15187
12987
14163
13015
15059
13019
14035
13031
14803
13063
14387
13103
15667
13207
14963
13211
13939
13227
13683
13255
14579
13303
15347
13307
14323
13339
13835
13351
14603
13407
16011
13431
15243
13435
14219
13447
14411
13531
14027
13543
14795
13599
15915
13623
15147
13647
15531
13695
16299
13807
15851
13855
15899
13871
15643
13883
14107
13915
13979
14063
15835
14095
15419
14151
14523
14199
15291
14287
15611
14295
15099
14359
14855
14375
14599
14543
15559
14671
15527
14695
14759
14743
14951
14831
15847
14839
15335
14895
15639
15039
16215
15071
16087
15167
16183
15215
15799
15223
15287
15359
16375
15391
15887
15439
15503
15935
16159
